{
 "cells": [
  {
   "cell_type": "code",
   "execution_count": 5,
   "metadata": {},
   "outputs": [],
   "source": [
    "from adam.core.computations import KinDynComputations\n",
    "from adam.geometry import utils\n",
    "import numpy as np\n",
    "import casadi as cs\n",
    "import gym_ignition_models"
   ]
  },
  {
   "cell_type": "code",
   "execution_count": 6,
   "metadata": {},
   "outputs": [],
   "source": [
    "def SX2DM(asd):\n",
    "    return cs.DM(asd)"
   ]
  },
  {
   "cell_type": "markdown",
   "metadata": {},
   "source": [
    "## Import the robot .urdf"
   ]
  },
  {
   "cell_type": "code",
   "execution_count": 7,
   "metadata": {},
   "outputs": [
    {
     "ename": "NameError",
     "evalue": "name 'gym_ignition_models' is not defined",
     "output_type": "error",
     "traceback": [
      "\u001b[0;31m---------------------------------------------------------------------------\u001b[0m",
      "\u001b[0;31mNameError\u001b[0m                                 Traceback (most recent call last)",
      "\u001b[0;32m<ipython-input-7-30e0fa616819>\u001b[0m in \u001b[0;36m<module>\u001b[0;34m\u001b[0m\n\u001b[0;32m----> 1\u001b[0;31m \u001b[0murdf_path\u001b[0m \u001b[0;34m=\u001b[0m \u001b[0mgym_ignition_models\u001b[0m\u001b[0;34m.\u001b[0m\u001b[0mget_model_file\u001b[0m\u001b[0;34m(\u001b[0m\u001b[0;34m\"iCubGazeboV2_5\"\u001b[0m\u001b[0;34m)\u001b[0m\u001b[0;34m\u001b[0m\u001b[0;34m\u001b[0m\u001b[0m\n\u001b[0m\u001b[1;32m      2\u001b[0m \u001b[0;31m# The joint list\u001b[0m\u001b[0;34m\u001b[0m\u001b[0;34m\u001b[0m\u001b[0;34m\u001b[0m\u001b[0m\n\u001b[1;32m      3\u001b[0m joints_name_list = [\n\u001b[1;32m      4\u001b[0m     \u001b[0;34m'torso_pitch'\u001b[0m\u001b[0;34m,\u001b[0m \u001b[0;34m'torso_roll'\u001b[0m\u001b[0;34m,\u001b[0m \u001b[0;34m'torso_yaw'\u001b[0m\u001b[0;34m,\u001b[0m \u001b[0;34m'l_shoulder_pitch'\u001b[0m\u001b[0;34m,\u001b[0m\u001b[0;34m\u001b[0m\u001b[0;34m\u001b[0m\u001b[0m\n\u001b[1;32m      5\u001b[0m     \u001b[0;34m'l_shoulder_roll'\u001b[0m\u001b[0;34m,\u001b[0m \u001b[0;34m'l_shoulder_yaw'\u001b[0m\u001b[0;34m,\u001b[0m \u001b[0;34m'l_elbow'\u001b[0m\u001b[0;34m,\u001b[0m \u001b[0;34m'r_shoulder_pitch'\u001b[0m\u001b[0;34m,\u001b[0m\u001b[0;34m\u001b[0m\u001b[0;34m\u001b[0m\u001b[0m\n",
      "\u001b[0;31mNameError\u001b[0m: name 'gym_ignition_models' is not defined"
     ]
    }
   ],
   "source": [
    "urdf_path = gym_ignition_models.get_model_file(\"iCubGazeboV2_5\")\n",
    "# The joint list\n",
    "joints_name_list = [\n",
    "    'torso_pitch', 'torso_roll', 'torso_yaw', 'l_shoulder_pitch',\n",
    "    'l_shoulder_roll', 'l_shoulder_yaw', 'l_elbow', 'r_shoulder_pitch',\n",
    "    'r_shoulder_roll', 'r_shoulder_yaw', 'r_elbow', 'l_hip_pitch', 'l_hip_roll',\n",
    "    'l_hip_yaw', 'l_knee', 'l_ankle_pitch', 'l_ankle_roll', 'r_hip_pitch',\n",
    "    'r_hip_roll', 'r_hip_yaw', 'r_knee', 'r_ankle_pitch', 'r_ankle_roll'\n",
    "]\n",
    "# Specify the root link\n",
    "root_link = 'root_link'\n",
    "kinDyn = KinDynComputations(urdf_path, joints_name_list, root_link)"
   ]
  },
  {
   "cell_type": "markdown",
   "metadata": {},
   "source": [
    "The class `KinDynComputations` contains some algorithms for computing kinematics and dynamics quantities."
   ]
  },
  {
   "cell_type": "code",
   "execution_count": null,
   "metadata": {},
   "outputs": [],
   "source": [
    "# Set joints and base informations\n",
    "xyz = (np.random.rand(3) - 0.5) * 5\n",
    "rpy = (np.random.rand(3) - 0.5) * 5\n",
    "H_b = utils.H_from_PosRPY(xyz, rpy)\n",
    "s = (np.random.rand(len(joints_name_list)) - 0.5) * 5"
   ]
  },
  {
   "cell_type": "markdown",
   "metadata": {},
   "source": [
    "## Mass Matrix"
   ]
  },
  {
   "cell_type": "code",
   "execution_count": null,
   "metadata": {},
   "outputs": [
    {
     "name": "stdout",
     "output_type": "stream",
     "text": [
      "Mass matrix:\n",
      " \n",
      "[[33.0617, -7.43451e-08, -4.53186e-07, -1.03473e-07, -1.30491, -1.09021, 1.14411, -0.522447, 0.166434, 0.0542147, -0.232452, 0.105421, -0.015351, 0.0248495, 0.217697, -0.0375452, 0.0134921, -0.523268, -0.721269, 0.250441, -0.250737, 0.0163079, -0.0226261, 0.021082, 0.108647, 0.0549753, -0.403926, 0.0209236, -0.0285918], \n",
      " [-7.43451e-08, 33.0617, 5.30459e-07, 1.30491, 7.63191e-08, 0.381421, 1.46971, -1.30439, 0.355117, -0.0174107, 0.0435876, -0.00445393, -0.104767, -0.0180286, -0.0983398, -0.00982405, 0.10193, 1.13237, -0.214556, -0.187681, -0.33437, 0.0181495, -0.0194412, 0.278378, 0.539643, 0.226025, 0.0826283, -0.00782419, 0.0164774], \n",
      " [-4.53186e-07, 5.30459e-07, 33.0617, 1.09021, -0.381421, 2.71541e-08, -1.7466, -1.86873, 0.354996, 0.0708786, -0.0884713, -0.0576026, -0.0246474, -0.0106807, 0.0108581, -0.0506163, -0.0352366, 0.0738739, -0.988314, 0.18073, -0.0468143, -0.00196314, -0.0141116, -0.133138, -0.424943, -0.201729, -0.073647, 0.000522749, 0.000246896], \n",
      " [-1.03473e-07, 1.30491, 1.09021, 0.837503, 0.301959, 0.2181, -0.298969, -0.262183, 0.212649, 0.0255132, -0.0324127, -0.0164743, 0.00196863, 0.0023217, -0.00345468, -0.00770173, -0.00914446, 0.34489, -0.0812917, -0.0690792, -0.120747, 0.00859146, -0.00667459, 0.0161159, -0.0345981, 0.0217065, 0.0074741, -0.000855722, 0.0010241], \n",
      " [-1.30491, 7.63191e-08, -0.381421, 0.301959, 1.5662, -0.0113708, -0.298795, -0.384205, -0.00404689, 0.0160777, -0.00613115, 0.00384856, -0.00239251, 0.00594795, 0.000462754, -0.0149688, -0.00688153, 0.136622, 0.458445, -0.142535, 0.103912, -0.00673937, 0.0130048, 0.0371987, 0.126267, 0.0609386, 0.0247841, -0.00230675, 0.00166012], \n",
      " [-1.09021, 0.381421, 2.71541e-08, 0.2181, -0.0113708, 1.46248, -0.489811, 0.394591, -0.0683856, -0.0158436, 0.0700673, -0.0307137, 0.0094015, -0.00520193, -0.00852104, 0.00869598, -0.023725, 0.292378, -0.0520652, -0.0522827, -0.0970174, 0.00678921, -0.00730485, 0.0901747, 0.153022, 0.073617, -0.0135261, 0.00141517, 0.00265512], \n",
      " [1.14411, 1.46971, -1.7466, -0.298969, -0.298795, -0.489811, 0.617296, 0.0167219, -0.0980667, -0.0110992, -0.0235892, 0.0310119, -0.00705972, 0.000315602, 0.008005, 0.00345239, 0.0241853, 0, 0, 0, 0, 0, 0, 0, 0, 0, 0, 0, 0], \n",
      " [-0.522447, -1.30439, -1.86873, -0.262183, -0.384205, 0.394591, 0.0167219, 0.537186, -0.0875223, -0.0265204, 0.0497566, -0.0153418, 0.00504973, -0.00807344, -0.000281941, 0.0166226, -0.00599625, 0, 0, 0, 0, 0, 0, 0, 0, 0, 0, 0, 0], \n",
      " [0.166434, 0.355117, 0.354996, 0.212649, -0.00404689, -0.0683856, -0.0980667, -0.0875223, 0.197524, 0.0165472, -0.0286868, -0.0145355, 0.00182455, 3.36854e-06, -0.00337089, -0.000893619, -0.00345235, 0, 0, 0, 0, 0, 0, 0, 0, 0, 0, 0, 0], \n",
      " [0.0542147, -0.0174107, 0.0708786, 0.0255132, 0.0160777, -0.0158436, -0.0110992, -0.0265204, 0.0165472, 0.0142747, -0.00973477, 0.00943592, 0.00360832, 0, 0, 0, 0, 0, 0, 0, 0, 0, 0, 0, 0, 0, 0, 0, 0], \n",
      " [-0.232452, 0.0435876, -0.0884713, -0.0324127, -0.00613115, 0.0700673, -0.0235892, 0.0497566, -0.0286868, -0.00973477, 0.0365776, -0.00713158, -0.00697225, 0, 0, 0, 0, 0, 0, 0, 0, 0, 0, 0, 0, 0, 0, 0, 0], \n",
      " [0.105421, -0.00445393, -0.0576026, -0.0164743, 0.00384856, -0.0307137, 0.0310119, -0.0153418, -0.0145355, 0.00943592, -0.00713158, 0.0152596, 0.000486499, 0, 0, 0, 0, 0, 0, 0, 0, 0, 0, 0, 0, 0, 0, 0, 0], \n",
      " [-0.015351, -0.104767, -0.0246474, 0.00196863, -0.00239251, 0.0094015, -0.00705972, 0.00504973, 0.00182455, 0.00360832, -0.00697225, 0.000486499, 0.0169158, 0, 0, 0, 0, 0, 0, 0, 0, 0, 0, 0, 0, 0, 0, 0, 0], \n",
      " [0.0248495, -0.0180286, -0.0106807, 0.0023217, 0.00594795, -0.00520193, 0.000315602, -0.00807344, 3.36854e-06, 0, 0, 0, 0, 0.0104482, 0.00366878, -0.00940712, 0.000635494, 0, 0, 0, 0, 0, 0, 0, 0, 0, 0, 0, 0], \n",
      " [0.217697, -0.0983398, 0.0108581, -0.00345468, 0.000462754, -0.00852104, 0.008005, -0.000281941, -0.00337089, 0, 0, 0, 0, 0.00366878, 0.0338257, -0.00255336, 0.00503927, 0, 0, 0, 0, 0, 0, 0, 0, 0, 0, 0, 0], \n",
      " [-0.0375452, -0.00982405, -0.0506163, -0.00770173, -0.0149688, 0.00869598, 0.00345239, 0.0166226, -0.000893619, 0, 0, 0, 0, -0.00940712, -0.00255336, 0.0109923, 0.00032794, 0, 0, 0, 0, 0, 0, 0, 0, 0, 0, 0, 0], \n",
      " [0.0134921, 0.10193, -0.0352366, -0.00914446, -0.00688153, -0.023725, 0.0241853, -0.00599625, -0.00345235, 0, 0, 0, 0, 0.000635494, 0.00503927, 0.00032794, 0.0169185, 0, 0, 0, 0, 0, 0, 0, 0, 0, 0, 0, 0], \n",
      " [-0.523268, 1.13237, 0.0738739, 0.34489, 0.136622, 0.292378, 0, 0, 0, 0, 0, 0, 0, 0, 0, 0, 0, 0.391007, 0.00782265, -0.100039, -0.0844261, 0.00629809, -0.00443829, 0, 0, 0, 0, 0, 0], \n",
      " [-0.721269, -0.214556, -0.988314, -0.0812917, 0.458445, -0.0520652, 0, 0, 0, 0, 0, 0, 0, 0, 0, 0, 0, 0.00782265, 0.372904, -0.0875164, 0.0984626, -0.00674141, 0.0106088, 0, 0, 0, 0, 0, 0], \n",
      " [0.250441, -0.187681, 0.18073, -0.0690792, -0.142535, -0.0522827, 0, 0, 0, 0, 0, 0, 0, 0, 0, 0, 0, -0.100039, -0.0875164, 0.0609372, -0.00384445, 0.000110277, -0.00341654, 0, 0, 0, 0, 0, 0], \n",
      " [-0.250737, -0.33437, -0.0468143, -0.120747, 0.103912, -0.0970174, 0, 0, 0, 0, 0, 0, 0, 0, 0, 0, 0, -0.0844261, 0.0984626, -0.00384445, 0.0814817, -0.00753093, 0.00680323, 0, 0, 0, 0, 0, 0], \n",
      " [0.0163079, 0.0181495, -0.00196314, 0.00859146, -0.00673937, 0.00678921, 0, 0, 0, 0, 0, 0, 0, 0, 0, 0, 0, 0.00629809, -0.00674141, 0.000110277, -0.00753093, 0.00274984, -0.000661625, 0, 0, 0, 0, 0, 0], \n",
      " [-0.0226261, -0.0194412, -0.0141116, -0.00667459, 0.0130048, -0.00730485, 0, 0, 0, 0, 0, 0, 0, 0, 0, 0, 0, -0.00443829, 0.0106088, -0.00341654, 0.00680323, -0.000661625, 0.00217757, 0, 0, 0, 0, 0, 0], \n",
      " [0.021082, 0.278378, -0.133138, 0.0161159, 0.0371987, 0.0901747, 0, 0, 0, 0, 0, 0, 0, 0, 0, 0, 0, 0, 0, 0, 0, 0, 0, 0.0467353, 0.0314367, 0.0445624, 0.00366661, -0.000215817, 0.00243814], \n",
      " [0.108647, 0.539643, -0.424943, -0.0345981, 0.126267, 0.153022, 0, 0, 0, 0, 0, 0, 0, 0, 0, 0, 0, 0, 0, 0, 0, 0, 0, 0.0314367, 0.117708, 0.0321058, 0.00319089, 7.93468e-05, 0.00114559], \n",
      " [0.0549753, 0.226025, -0.201729, 0.0217065, 0.0609386, 0.073617, 0, 0, 0, 0, 0, 0, 0, 0, 0, 0, 0, 0, 0, 0, 0, 0, 0, 0.0445624, 0.0321058, 0.0454654, 0.0052682, -0.000536609, 0.002469], \n",
      " [-0.403926, 0.0826283, -0.073647, 0.0074741, 0.0247841, -0.0135261, 0, 0, 0, 0, 0, 0, 0, 0, 0, 0, 0, 0, 0, 0, 0, 0, 0, 0.00366661, 0.00319089, 0.0052682, 0.0805429, -0.00694033, 0.00680829], \n",
      " [0.0209236, -0.00782419, 0.000522749, -0.000855722, -0.00230675, 0.00141517, 0, 0, 0, 0, 0, 0, 0, 0, 0, 0, 0, 0, 0, 0, 0, 0, 0, -0.000215817, 7.93468e-05, -0.000536609, -0.00694033, 0.00258324, -0.000675818], \n",
      " [-0.0285918, 0.0164774, 0.000246896, 0.0010241, 0.00166012, 0.00265512, 0, 0, 0, 0, 0, 0, 0, 0, 0, 0, 0, 0, 0, 0, 0, 0, 0, 0.00243814, 0.00114559, 0.002469, 0.00680829, -0.000675818, 0.00217772]]\n"
     ]
    }
   ],
   "source": [
    "M = kinDyn.mass_matrix_fun()\n",
    "print('Mass matrix:\\n', SX2DM(M(H_b, s)))"
   ]
  },
  {
   "cell_type": "markdown",
   "metadata": {},
   "source": [
    "## Centroidal Momentum Matrix"
   ]
  },
  {
   "cell_type": "code",
   "execution_count": null,
   "metadata": {},
   "outputs": [
    {
     "name": "stdout",
     "output_type": "stream",
     "text": [
      "Centroidal Momentum Matrix:\n",
      " \n",
      "[[33.0617, -7.43451e-08, -4.53186e-07, -1.03473e-07, -1.30491, -1.09021, 1.14411, -0.522447, 0.166434, 0.0542147, -0.232452, 0.105421, -0.015351, 0.0248495, 0.217697, -0.0375452, 0.0134921, -0.523268, -0.721269, 0.250441, -0.250737, 0.0163079, -0.0226261, 0.021082, 0.108647, 0.0549753, -0.403926, 0.0209236, -0.0285918], \n",
      " [-7.43451e-08, 33.0617, 5.30459e-07, 1.30491, 7.63191e-08, 0.381421, 1.46971, -1.30439, 0.355117, -0.0174107, 0.0435876, -0.00445393, -0.104767, -0.0180286, -0.0983398, -0.00982405, 0.10193, 1.13237, -0.214556, -0.187681, -0.33437, 0.0181495, -0.0194412, 0.278378, 0.539643, 0.226025, 0.0826283, -0.00782419, 0.0164774], \n",
      " [-4.53186e-07, 5.30459e-07, 33.0617, 1.09021, -0.381421, 2.71541e-08, -1.7466, -1.86873, 0.354996, 0.0708786, -0.0884713, -0.0576026, -0.0246474, -0.0106807, 0.0108581, -0.0506163, -0.0352366, 0.0738739, -0.988314, 0.18073, -0.0468143, -0.00196314, -0.0141116, -0.133138, -0.424943, -0.201729, -0.073647, 0.000522749, 0.000246896], \n",
      " [-1.89068e-07, 5.19565e-10, 1.79258e-07, 0.75005, 0.314537, 0.203046, -0.299382, -0.149078, 0.186927, 0.0238632, -0.0312158, -0.014399, 0.00691641, 0.00338547, 6.86464e-05, -0.00564491, -0.0120056, 0.297761, -0.0402337, -0.0676311, -0.106006, 0.00793985, -0.00544193, 0.00951882, -0.0418848, 0.0194375, 0.00664135, -0.000564147, 0.000365613], \n",
      " [1.40861e-09, 1.55824e-07, 2.20459e-07, 0.314537, 1.5103, -0.0544003, -0.273788, -0.426384, 0.00661755, 0.0190352, -0.0163265, 0.00734486, -0.00328275, 0.00680552, 0.00918032, -0.0170346, -0.00675553, 0.116821, 0.418576, -0.130566, 0.093476, -0.00611836, 0.0119489, 0.0364948, 0.125653, 0.0607811, 0.00799192, -0.00147489, 0.000534477], \n",
      " [2.44859e-07, 2.2048e-07, 3.32447e-08, 0.203046, -0.0544003, 1.42213, -0.46904, 0.392411, -0.0669943, -0.013855, 0.0618993, -0.0271861, 0.010104, -0.00417452, -0.000207964, 0.00757126, -0.024456, 0.26206, -0.0733738, -0.0418592, -0.101428, 0.00711758, -0.00782666, 0.0876584, 0.150379, 0.0728222, -0.0277988, 0.0021954, 0.00152221]]\n"
     ]
    }
   ],
   "source": [
    "Jcm = kinDyn.centroidal_momentum_matrix_fun()\n",
    "print('Centroidal Momentum Matrix:\\n', SX2DM(Jcm(H_b, s)))"
   ]
  },
  {
   "cell_type": "markdown",
   "metadata": {},
   "source": [
    "## Center of mass position"
   ]
  },
  {
   "cell_type": "code",
   "execution_count": null,
   "metadata": {},
   "outputs": [
    {
     "name": "stdout",
     "output_type": "stream",
     "text": [
      "Center of Mass position:\n",
      " [1.21743, 0.273373, 1.86979]\n"
     ]
    }
   ],
   "source": [
    "CoM = kinDyn.CoM_position_fun()\n",
    "print('Center of Mass position:\\n', SX2DM(CoM(H_b, s)))"
   ]
  },
  {
   "cell_type": "markdown",
   "metadata": {},
   "source": [
    "## Total Mass"
   ]
  },
  {
   "cell_type": "code",
   "execution_count": null,
   "metadata": {},
   "outputs": [
    {
     "name": "stdout",
     "output_type": "stream",
     "text": [
      "Total mass:\n",
      " 33.061672699999995\n"
     ]
    }
   ],
   "source": [
    "print('Total mass:\\n', kinDyn.get_total_mass())"
   ]
  },
  {
   "cell_type": "markdown",
   "metadata": {},
   "source": [
    "## Jacobian"
   ]
  },
  {
   "cell_type": "code",
   "execution_count": null,
   "metadata": {},
   "outputs": [
    {
     "name": "stdout",
     "output_type": "stream",
     "text": [
      "jacobian of the left sole:\n",
      " \n",
      "[[1, 0, 0, 0, -0.352817, 0.03762, 0, 0, 0, 0, 0, 0, 0, 0, 0, 0, 0, -0.104377, -0.217306, 0.123849, -0.12676, 0.00856208, -0.0420929, 0, 0, 0, 0, 0, 0], \n",
      " [0, 1, 0, 0.352817, 0, 0.318264, 0, 0, 0, 0, 0, 0, 0, 0, 0, 0, 0, 0.365864, -0.0742343, -0.0679115, -0.160167, 0.000204302, -0.0411752, 0, 0, 0, 0, 0, 0], \n",
      " [0, 0, 1, -0.03762, -0.318264, 0, 0, 0, 0, 0, 0, 0, 0, 0, 0, 0, 0, -0.0415025, -0.261272, 0.125587, -0.0113162, -0.0140096, -0.0263258, 0, 0, 0, 0, 0, 0], \n",
      " [0, 0, 0, 1, 0, 0, 0, 0, 0, 0, 0, 0, 0, 0, 0, 0, 0, 0.684021, -0.536696, -0.716255, -0.697763, 0.697763, 0.521438, 0, 0, 0, 0, 0, 0], \n",
      " [0, 0, 0, 0, 1, 0, 0, 0, 0, 0, 0, 0, 0, 0, 0, 0, 0, 0.271927, 0.81605, -0.575007, 0.581754, -0.581754, 0.0124422, 0, 0, 0, 0, 0, 0], \n",
      " [0, 0, 0, 0, 0, 1, 0, 0, 0, 0, 0, 0, 0, 0, 0, 0, 0, 0.676884, 0.214521, 0.395407, -0.417959, 0.417959, -0.853198, 0, 0, 0, 0, 0, 0]]\n"
     ]
    }
   ],
   "source": [
    "J = kinDyn.jacobian_fun('l_sole')\n",
    "print('Jacobian of the left sole:\\n', SX2DM(J(H_b, s)))"
   ]
  },
  {
   "cell_type": "markdown",
   "metadata": {},
   "source": [
    "## Relative jacobian"
   ]
  },
  {
   "cell_type": "code",
   "execution_count": null,
   "metadata": {},
   "outputs": [
    {
     "name": "stdout",
     "output_type": "stream",
     "text": [
      "jacobian of the left sole:\n",
      " \n",
      "[[0, 0, 0, 0, 0, 0, 0, 0, 0, 0, 0, -0.286006, -0.0356882, 0.0939957, 0.150935, -0.0101781, 0.0279117, 0, 0, 0, 0, 0, 0], \n",
      " [0, 0, 0, 0, 0, 0, 0, 0, 0, 0, 0, 2.84804e-17, -0.345679, 0.151256, -0.13792, -0.00357069, -0.0578085, 0, 0, 0, 0, 0, 0], \n",
      " [0, 0, 0, 0, 0, 0, 0, 0, 0, 0, 0, 0.254311, -0.0151059, -0.0633168, -0.00680521, -0.0123805, -0.00627375, 0, 0, 0, 0, 0, 0], \n",
      " [0, 0, 0, 0, 0, 0, 0, 0, 0, 0, 0, 9.95799e-17, -0.389794, 0.852332, -0.522878, 0.522878, -0.619855, 0, 0, 0, 0, 0, 0], \n",
      " [0, 0, 0, 0, 0, 0, 0, 0, 0, 0, 0, 1, -1.83229e-16, -0.378648, -0.601999, 0.601999, -0.217458, 0, 0, 0, 0, 0, 0], \n",
      " [0, 0, 0, 0, 0, 0, 0, 0, 0, 0, 0, 0, 0.920902, 0.36077, 0.603486, -0.603486, -0.753984, 0, 0, 0, 0, 0, 0]]\n"
     ]
    }
   ],
   "source": [
    "J_r = kinDyn.relative_jacobian_fun('l_sole')\n",
    "print('Jacobian between the root link and left sole:\\n', SX2DM(J_r(s)))"
   ]
  },
  {
   "cell_type": "markdown",
   "metadata": {},
   "source": [
    "## Forward kinematics"
   ]
  },
  {
   "cell_type": "code",
   "execution_count": null,
   "metadata": {},
   "outputs": [
    {
     "name": "stdout",
     "output_type": "stream",
     "text": [
      "Forward kinematics to the left sole:\n",
      " \n",
      "[[0.521438, -0.652603, -0.549738, 1.52415], \n",
      " [0.0124422, -0.638374, 0.769625, 0.202778], \n",
      " [-0.853198, -0.408152, -0.324753, 1.55644], \n",
      " [0, 0, 0, 1]]\n"
     ]
    }
   ],
   "source": [
    "H = kinDyn.forward_kinematics_fun('l_sole')\n",
    "print('Forward kinematics to the left sole:\\n', SX2DM(H(H_b, s)))"
   ]
  }
 ],
 "metadata": {
  "kernelspec": {
   "display_name": "Python 3.8.5 64-bit ('base': conda)",
   "name": "python385jvsc74a57bd01aaa65760776477b200513a4708dfe8112d71af684253b4518b287658553a52c"
  },
  "language_info": {
   "codemirror_mode": {
    "name": "ipython",
    "version": 3
   },
   "file_extension": ".py",
   "mimetype": "text/x-python",
   "name": "python",
   "nbconvert_exporter": "python",
   "pygments_lexer": "ipython3",
   "version": "3.8.5"
  },
  "metadata": {
   "interpreter": {
    "hash": "1aaa65760776477b200513a4708dfe8112d71af684253b4518b287658553a52c"
   }
  },
  "orig_nbformat": 3
 },
 "nbformat": 4,
 "nbformat_minor": 2
}