{
 "cells": [
  {
   "cell_type": "code",
   "execution_count": 17,
   "metadata": {},
   "outputs": [],
   "source": [
    "from adam.casadi.computations import KinDynComputations\n",
    "from adam.geometry import utils\n",
    "import numpy as np\n",
    "import casadi as cs\n",
    "import icub_models"
   ]
  },
  {
   "attachments": {},
   "cell_type": "markdown",
   "metadata": {},
   "source": [
    "## Import the robot .urdf"
   ]
  },
  {
   "cell_type": "code",
   "execution_count": 18,
   "metadata": {},
   "outputs": [],
   "source": [
    "urdf_path = icub_models.get_model_file(\"iCubGazeboV2_5\")\n",
    "# The joint list\n",
    "joints_name_list = [\n",
    "    'torso_pitch', 'torso_roll', 'torso_yaw', 'l_shoulder_pitch',\n",
    "    'l_shoulder_roll', 'l_shoulder_yaw', 'l_elbow', 'r_shoulder_pitch',\n",
    "    'r_shoulder_roll', 'r_shoulder_yaw', 'r_elbow', 'l_hip_pitch', 'l_hip_roll',\n",
    "    'l_hip_yaw', 'l_knee', 'l_ankle_pitch', 'l_ankle_roll', 'r_hip_pitch',\n",
    "    'r_hip_roll', 'r_hip_yaw', 'r_knee', 'r_ankle_pitch', 'r_ankle_roll'\n",
    "]\n",
    "# Specify the root link\n",
    "root_link = 'root_link'\n",
    "kinDyn = KinDynComputations(urdf_path, joints_name_list, root_link)"
   ]
  },
  {
   "attachments": {},
   "cell_type": "markdown",
   "metadata": {},
   "source": [
    "The class `KinDynComputations` contains some algorithms for computing kinematics and dynamics quantities."
   ]
  },
  {
   "cell_type": "code",
   "execution_count": 19,
   "metadata": {},
   "outputs": [],
   "source": [
    "# Set joints and base informations\n",
    "xyz = (np.random.rand(3) - 0.5) * 5\n",
    "rpy = (np.random.rand(3) - 0.5) * 5\n",
    "H_b = utils.H_from_Pos_RPY(xyz, rpy)\n",
    "v_b = (np.random.rand(6) - 0.5) * 5\n",
    "s = (np.random.rand(len(joints_name_list)) - 0.5) * 5\n",
    "s_dot = (np.random.rand(len(joints_name_list)) - 0.5) * 5"
   ]
  },
  {
   "attachments": {},
   "cell_type": "markdown",
   "metadata": {},
   "source": [
    "## Mass Matrix"
   ]
  },
  {
   "cell_type": "code",
   "execution_count": 20,
   "metadata": {},
   "outputs": [
    {
     "name": "stdout",
     "output_type": "stream",
     "text": [
      "Mass matrix:\n",
      " \n",
      "[[33.0617, 7.10849e-07, -3.95807e-07, -3.4761e-09, 0.0279637, -4.35541, 0.721991, -1.91601, 0.261959, -0.150573, -0.208839, 0.0567077, 0.0413244, 0.124995, -0.0831514, 0.0212593, 0.0532257, -0.344167, 0.711491, 0.217424, -0.142401, -0.0115969, 0.00375165, -0.17171, -0.0442504, 0.0316145, -0.417811, 0.0218527, -0.023327], \n",
      " [7.10849e-07, 33.0617, -1.01395e-06, -0.0279638, -2.39614e-08, -0.581327, -0.383976, -1.50079, -0.0111384, -0.147059, -0.257414, 0.0661014, -0.0218793, 0.0924926, 0.234763, 0.0654011, 0.0103399, 0.0821493, -0.184482, -0.0519095, -0.328864, -0.0324675, -0.0119662, -0.123292, 0.801429, 0.236761, 0.000127647, -0.00741135, 0.0113491], \n",
      " [-3.95807e-07, -1.01395e-06, 33.0617, 4.35541, 0.581327, 2.74375e-08, 1.39077, 0.356906, 0.253608, -0.317602, 0.194934, -0.0135158, 0.0981467, 0.0602712, 0.00354407, 0.0168676, -0.0941991, -0.701048, -0.412692, 0.213499, 0.0524024, 0.00287697, 0.030525, -0.411766, 0.823388, 0.314061, 0.0227567, 0.00548014, -0.0203987], \n",
      " [-3.4761e-09, -0.0279638, 4.35541, 1.45615, -0.0586835, 0.23225, 0.436841, 0.31971, 0.158496, -0.0352486, 0.0756745, -0.045807, 0.0407701, 0.0240349, 0.0772524, 0.00587221, -0.00343431, -0.230636, -0.158699, 0.0564074, -0.0314623, 0.00453499, 0.00529636, -0.171667, 0.32854, 0.154392, 0.00757721, -0.00020314, -0.0123753], \n",
      " [0.0279637, -2.39614e-08, 0.581327, -0.0586835, 0.860512, 0.179322, 0.243316, -0.235548, -0.20629, -0.155837, 0.041406, 0.0320002, 0.0616171, -0.0562398, 0.0317865, -0.0129744, 0.0276964, 0.0638904, -0.00759562, -0.0629583, 0.0129276, -0.000990284, 0.00596868, 0.0679094, -0.085742, -0.0364105, 0.0845898, -0.0129484, 0.00133846], \n",
      " [-4.35541, -0.581327, 2.74375e-08, 0.23225, 0.179322, 1.44924, -0.125357, 0.586632, -0.195703, 0.0894609, 0.133815, -0.0348318, -0.00354522, 0.0303924, 0.0131741, 0.042736, 0.000980999, 0.113552, -0.257633, -0.0721661, -0.00584488, 0.00850546, 0.00173064, 0.0433781, 0.107385, 0.0116993, 0.14035, -0.0173388, 0.0149588], \n",
      " [0.721991, -0.383976, 1.39077, 0.436841, 0.243316, -0.125357, 0.481568, 0.00188966, 0.191124, -0.0937845, 0.0179689, -0.021224, 0.0476879, -0.000208264, 0.0685327, -0.0147627, 0.000910508, 0, 0, 0, 0, 0, 0, 0, 0, 0, 0, 0, 0], \n",
      " [-1.91601, -1.50079, 0.356906, 0.31971, -0.235548, 0.586632, 0.00188966, 0.774697, -0.0132183, 0.116535, 0.136426, -0.0629958, -0.00773232, 0.0534725, 0.0344464, 0.0414383, -0.0140909, 0, 0, 0, 0, 0, 0, 0, 0, 0, 0, 0, 0], \n",
      " [0.261959, -0.0111384, 0.253608, 0.158496, -0.20629, -0.195703, 0.191124, -0.0132183, 0.330643, 0.0192834, -0.0573071, -0.0245243, -0.0113611, 0.0300205, 0.0115272, -0.0142202, -0.0206895, 0, 0, 0, 0, 0, 0, 0, 0, 0, 0, 0, 0], \n",
      " [-0.150573, -0.147059, -0.317602, -0.0352486, -0.155837, 0.0894609, -0.0937845, 0.116535, 0.0192834, 0.143702, 0.00420546, -0.0234813, -0.0531716, 0, 0, 0, 0, 0, 0, 0, 0, 0, 0, 0, 0, 0, 0, 0, 0], \n",
      " [-0.208839, -0.257414, 0.194934, 0.0756745, 0.041406, 0.133815, 0.0179689, 0.136426, -0.0573071, 0.00420546, 0.13057, -0.020941, 0.0248861, 0, 0, 0, 0, 0, 0, 0, 0, 0, 0, 0, 0, 0, 0, 0, 0], \n",
      " [0.0567077, 0.0661014, -0.0135158, -0.045807, 0.0320002, -0.0348318, -0.021224, -0.0629958, -0.0245243, -0.0234813, -0.020941, 0.0491191, -0.00057869, 0, 0, 0, 0, 0, 0, 0, 0, 0, 0, 0, 0, 0, 0, 0, 0], \n",
      " [0.0413244, -0.0218793, 0.0981467, 0.0407701, 0.0616171, -0.00354522, 0.0476879, -0.00773232, -0.0113611, -0.0531716, 0.0248861, -0.00057869, 0.0464212, 0, 0, 0, 0, 0, 0, 0, 0, 0, 0, 0, 0, 0, 0, 0, 0], \n",
      " [0.124995, 0.0924926, 0.0602712, 0.0240349, -0.0562398, 0.0303924, -0.000208264, 0.0534725, 0.0300205, 0, 0, 0, 0, 0.0809855, 0.00228776, 0.0476742, -0.0143633, 0, 0, 0, 0, 0, 0, 0, 0, 0, 0, 0, 0], \n",
      " [-0.0831514, 0.234763, 0.00354407, 0.0772524, 0.0317865, 0.0131741, 0.0685327, 0.0344464, 0.0115272, 0, 0, 0, 0, 0.00228776, 0.0823856, 0.00552503, 0.0217545, 0, 0, 0, 0, 0, 0, 0, 0, 0, 0, 0, 0], \n",
      " [0.0212593, 0.0654011, 0.0168676, 0.00587221, -0.0129744, 0.042736, -0.0147627, 0.0414383, -0.0142202, 0, 0, 0, 0, 0.0476742, 0.00552503, 0.0519112, 0.000236081, 0, 0, 0, 0, 0, 0, 0, 0, 0, 0, 0, 0], \n",
      " [0.0532257, 0.0103399, -0.0941991, -0.00343431, 0.0276964, 0.000980999, 0.000910508, -0.0140909, -0.0206895, 0, 0, 0, 0, -0.0143633, 0.0217545, 0.000236081, 0.0464232, 0, 0, 0, 0, 0, 0, 0, 0, 0, 0, 0, 0], \n",
      " [-0.344167, 0.0821493, -0.701048, -0.230636, 0.0638904, 0.113552, 0, 0, 0, 0, 0, 0, 0, 0, 0, 0, 0, 0.161674, 0.0120213, -0.0425434, 0.00773452, -0.00202706, -0.0022285, 0, 0, 0, 0, 0, 0], \n",
      " [0.711491, -0.184482, -0.412692, -0.158699, -0.00759562, -0.257633, 0, 0, 0, 0, 0, 0, 0, 0, 0, 0, 0, 0.0120213, 0.194871, 0.0141275, 0.0206703, -0.0101046, -0.00171488, 0, 0, 0, 0, 0, 0], \n",
      " [0.217424, -0.0519095, 0.213499, 0.0564074, -0.0629583, -0.0721661, 0, 0, 0, 0, 0, 0, 0, 0, 0, 0, 0, -0.0425434, 0.0141275, 0.0535823, -0.00168219, -0.000300165, -0.00739459, 0, 0, 0, 0, 0, 0], \n",
      " [-0.142401, -0.328864, 0.0524024, -0.0314623, 0.0129276, -0.00584488, 0, 0, 0, 0, 0, 0, 0, 0, 0, 0, 0, 0.00773452, 0.0206703, -0.00168219, 0.0686954, -0.00644098, 0.00229998, 0, 0, 0, 0, 0, 0], \n",
      " [-0.0115969, -0.0324675, 0.00287697, 0.00453499, -0.000990284, 0.00850546, 0, 0, 0, 0, 0, 0, 0, 0, 0, 0, 0, -0.00202706, -0.0101046, -0.000300165, -0.00644098, 0.0133563, 0.000436133, 0, 0, 0, 0, 0, 0], \n",
      " [0.00375165, -0.0119662, 0.030525, 0.00529636, 0.00596868, 0.00173064, 0, 0, 0, 0, 0, 0, 0, 0, 0, 0, 0, -0.0022285, -0.00171488, -0.00739459, 0.00229998, 0.000436133, 0.0120266, 0, 0, 0, 0, 0, 0], \n",
      " [-0.17171, -0.123292, -0.411766, -0.171667, 0.0679094, 0.0433781, 0, 0, 0, 0, 0, 0, 0, 0, 0, 0, 0, 0, 0, 0, 0, 0, 0, 0.105788, -0.113972, -0.0824847, 0.0244279, -0.00396327, 0.0146364], \n",
      " [-0.0442504, 0.801429, 0.823388, 0.32854, -0.085742, 0.107385, 0, 0, 0, 0, 0, 0, 0, 0, 0, 0, 0, 0, 0, 0, 0, 0, 0, -0.113972, 0.326092, 0.118636, 0.0155508, -0.00203121, 0.00249803], \n",
      " [0.0316145, 0.236761, 0.314061, 0.154392, -0.0364105, 0.0116993, 0, 0, 0, 0, 0, 0, 0, 0, 0, 0, 0, 0, 0, 0, 0, 0, 0, -0.0824847, 0.118636, 0.080658, -0.00294786, 0.00045249, -0.0128205], \n",
      " [-0.417811, 0.000127647, 0.0227567, 0.00757721, 0.0845898, 0.14035, 0, 0, 0, 0, 0, 0, 0, 0, 0, 0, 0, 0, 0, 0, 0, 0, 0, 0.0244279, 0.0155508, -0.00294786, 0.0902326, -0.0167133, 0.00502271], \n",
      " [0.0218527, -0.00741135, 0.00548014, -0.00020314, -0.0129484, -0.0173388, 0, 0, 0, 0, 0, 0, 0, 0, 0, 0, 0, 0, 0, 0, 0, 0, 0, -0.00396327, -0.00203121, 0.00045249, -0.0167133, 0.0124395, -0.000669399], \n",
      " [-0.023327, 0.0113491, -0.0203987, -0.0123753, 0.00133846, 0.0149588, 0, 0, 0, 0, 0, 0, 0, 0, 0, 0, 0, 0, 0, 0, 0, 0, 0, 0.0146364, 0.00249803, -0.0128205, 0.00502271, -0.000669399, 0.0120268]]\n"
     ]
    }
   ],
   "source": [
    "M = kinDyn.mass_matrix_fun()\n",
    "print('Mass matrix:\\n', cs.DM(M(H_b, s)))"
   ]
  },
  {
   "attachments": {},
   "cell_type": "markdown",
   "metadata": {},
   "source": [
    "## Centroidal Momentum Matrix"
   ]
  },
  {
   "cell_type": "code",
   "execution_count": 21,
   "metadata": {},
   "outputs": [
    {
     "name": "stdout",
     "output_type": "stream",
     "text": [
      "Centroidal Momentum Matrix:\n",
      " \n",
      "[[33.0617, 7.10849e-07, -3.95807e-07, -3.4761e-09, 0.0279637, -4.35541, 0.721991, -1.91601, 0.261959, -0.150573, -0.208839, 0.0567077, 0.0413244, 0.124995, -0.0831514, 0.0212593, 0.0532257, -0.344167, 0.711491, 0.217424, -0.142401, -0.0115969, 0.00375165, -0.17171, -0.0442504, 0.0316145, -0.417811, 0.0218527, -0.023327], \n",
      " [7.10849e-07, 33.0617, -1.01395e-06, -0.0279638, -2.39614e-08, -0.581327, -0.383976, -1.50079, -0.0111384, -0.147059, -0.257414, 0.0661014, -0.0218793, 0.0924926, 0.234763, 0.0654011, 0.0103399, 0.0821493, -0.184482, -0.0519095, -0.328864, -0.0324675, -0.0119662, -0.123292, 0.801429, 0.236761, 0.000127647, -0.00741135, 0.0113491], \n",
      " [-3.95807e-07, -1.01395e-06, 33.0617, 4.35541, 0.581327, 2.74375e-08, 1.39077, 0.356906, 0.253608, -0.317602, 0.194934, -0.0135158, 0.0981467, 0.0602712, 0.00354407, 0.0168676, -0.0941991, -0.701048, -0.412692, 0.213499, 0.0524024, 0.00287697, 0.030525, -0.411766, 0.823388, 0.314061, 0.0227567, 0.00548014, -0.0203987], \n",
      " [4.57909e-08, 1.0432e-07, -1.19258e-07, 0.882362, -0.135265, 0.231758, 0.253302, 0.271423, 0.125077, 0.00646662, 0.049777, -0.0439706, 0.0278222, 0.0161733, 0.0769841, 0.00370546, 0.00898383, -0.138213, -0.104489, 0.0282381, -0.0386437, 0.00412853, 0.00126501, -0.117527, 0.220748, 0.113219, 0.00457945, -0.000931339, -0.00967849], \n",
      " [-2.38925e-08, -3.06957e-08, -5.54265e-08, -0.135265, 0.850267, 0.183006, 0.218251, -0.240203, -0.210971, -0.150125, 0.0381551, 0.0321899, 0.0598564, -0.0574053, 0.0317945, -0.0132889, 0.0293077, 0.0765081, -0.000940987, -0.0668961, 0.0121267, -0.00103106, 0.00542878, 0.0752947, -0.100182, -0.0419594, 0.0845431, -0.0130633, 0.00171686], \n",
      " [2.52457e-08, 7.51251e-08, -1.50952e-08, 0.231758, 0.183006, 0.865259, -0.0369962, 0.307837, -0.161389, 0.0670393, 0.101777, -0.0261991, 0.00151398, 0.0484851, 0.0063479, 0.0466865, 0.00817454, 0.0696573, -0.167148, -0.0444363, -0.0303867, 0.00640686, 0.00201447, 0.0185899, 0.115647, 0.020027, 0.0853111, -0.0145903, 0.0120853]]\n"
     ]
    }
   ],
   "source": [
    "Jcm = kinDyn.centroidal_momentum_matrix_fun()\n",
    "print('Centroidal Momentum Matrix:\\n', cs.DM(Jcm(H_b, s)))"
   ]
  },
  {
   "attachments": {},
   "cell_type": "markdown",
   "metadata": {},
   "source": [
    "## Center of mass position"
   ]
  },
  {
   "cell_type": "code",
   "execution_count": 22,
   "metadata": {},
   "outputs": [
    {
     "name": "stdout",
     "output_type": "stream",
     "text": [
      "Center of Mass position:\n",
      " [2.39693, 1.03192, -2.08476]\n"
     ]
    }
   ],
   "source": [
    "CoM = kinDyn.CoM_position_fun()\n",
    "print('Center of Mass position:\\n', cs.DM(CoM(H_b, s)))"
   ]
  },
  {
   "attachments": {},
   "cell_type": "markdown",
   "metadata": {},
   "source": [
    "## Total Mass"
   ]
  },
  {
   "cell_type": "code",
   "execution_count": 23,
   "metadata": {},
   "outputs": [
    {
     "name": "stdout",
     "output_type": "stream",
     "text": [
      "Total mass:\n",
      " 33.06167270000001\n"
     ]
    }
   ],
   "source": [
    "print('Total mass:\\n', kinDyn.get_total_mass())"
   ]
  },
  {
   "attachments": {},
   "cell_type": "markdown",
   "metadata": {},
   "source": [
    "## Jacobian"
   ]
  },
  {
   "cell_type": "code",
   "execution_count": 24,
   "metadata": {},
   "outputs": [
    {
     "name": "stdout",
     "output_type": "stream",
     "text": [
      "Jacobian of the left sole:\n",
      " \n",
      "[[1, 00, 00, 0, -0.143034, -0.261277, 0, 0, 0, 0, 0, 0, 0, 0, 0, 0, 0, -0.047121, 0.105796, 0.11144, -0.0855826, 0.00820937, 0.00337652, 0, 0, 0, 0, 0, 0], \n",
      " [00, 1, 00, 0.143034, 0, 0.086364, 0, 0, 0, 0, 0, 0, 0, 0, 0, 0, 0, -0.0441707, -0.0866635, -0.0137068, -0.137824, -0.045099, -0.0241324, 0, 0, 0, 0, 0, 0], \n",
      " [00, 00, 1, 0.261277, -0.086364, 0, 0, 0, 0, 0, 0, 0, 0, 0, 0, 0, 0, -0.116899, -0.0762706, 0.0598792, 0.0461249, -0.0186884, 0.05972, 0, 0, 0, 0, 0, 0], \n",
      " [0, 0, 0, 1, 00, 00, 0, 0, 0, 0, 0, 0, 0, 0, 0, 0, 0, -0.893528, -0.44666, 0.0163383, -0.671468, 0.671468, -0.165835, 0, 0, 0, 0, 0, 0], \n",
      " [0, 0, 0, 00, 1, 00, 0, 0, 0, 0, 0, 0, 0, 0, 0, 0, 0, -0.15855, 0.218337, -0.967615, 0.176054, -0.176054, 0.911032, 0, 0, 0, 0, 0, 0], \n",
      " [0, 0, 0, 00, 00, 1, 0, 0, 0, 0, 0, 0, 0, 0, 0, 0, 0, 0.420083, -0.867654, -0.251902, -0.719816, 0.719816, 0.377518, 0, 0, 0, 0, 0, 0]]\n"
     ]
    }
   ],
   "source": [
    "J = kinDyn.jacobian_fun('l_sole')\n",
    "print('Jacobian of the left sole:\\n', cs.DM(J(H_b, s)))"
   ]
  },
  {
   "attachments": {},
   "cell_type": "markdown",
   "metadata": {},
   "source": [
    "## Relative jacobian"
   ]
  },
  {
   "cell_type": "code",
   "execution_count": 25,
   "metadata": {},
   "outputs": [
    {
     "name": "stdout",
     "output_type": "stream",
     "text": [
      "Jacobian between the root link and left sole:\n",
      " \n",
      "[[0, 0, 0, 0, 0, 0, 0, 0, 0, 0, 0, -0.132545, -0.0689121, 0.0794147, -0.0493119, -0.0330415, 0.0405126, 0, 0, 0, 0, 0, 0], \n",
      " [0, 0, 0, 0, 0, 0, 0, 0, 0, 0, 0, 2.74428e-14, -0.112831, -0.0722472, 0.117699, -0.00803553, 0.0258965, 0, 0, 0, 0, 0, 0], \n",
      " [0, 0, 0, 0, 0, 0, 0, 0, 0, 0, 0, -0.0163892, 0.0839095, 0.0683072, 0.110285, 0.0359758, 0.0429925, 0, 0, 0, 0, 0, 0], \n",
      " [0, 0, 0, 0, 0, 0, 0, 0, 0, 0, 0, 2.07045e-13, -0.772787, -0.634319, -0.738473, 0.738473, 0.667461, 0, 0, 0, 0, 0, 0], \n",
      " [0, 0, 0, 0, 0, 0, 0, 0, 0, 0, 0, 1, 1.5978e-13, 0.0329968, 0.26968, -0.26968, 0.162323, 0, 0, 0, 0, 0, 0], \n",
      " [0, 0, 0, 0, 0, 0, 0, 0, 0, 0, 0, 0, -0.634665, 0.772367, -0.618005, 0.618005, -0.726737, 0, 0, 0, 0, 0, 0]]\n"
     ]
    }
   ],
   "source": [
    "J_r = kinDyn.relative_jacobian_fun('l_sole')\n",
    "print('Jacobian between the root link and left sole:\\n', cs.DM(J_r(s)))"
   ]
  },
  {
   "attachments": {},
   "cell_type": "markdown",
   "metadata": {},
   "source": [
    "## Forward kinematics"
   ]
  },
  {
   "cell_type": "code",
   "execution_count": 26,
   "metadata": {},
   "outputs": [
    {
     "name": "stdout",
     "output_type": "stream",
     "text": [
      "Forward kinematics to the left sole:\n",
      " \n",
      "[[-0.165835, 0.0523491, 0.984763, 2.50087], \n",
      " [0.911032, -0.374147, 0.173308, 1.16146], \n",
      " [0.377518, 0.925891, 0.0143549, -2.22864], \n",
      " [0, 0, 0, 1]]\n"
     ]
    }
   ],
   "source": [
    "H = kinDyn.forward_kinematics_fun('l_sole')\n",
    "print('Forward kinematics to the left sole:\\n', cs.DM(H(H_b, s)))"
   ]
  },
  {
   "attachments": {},
   "cell_type": "markdown",
   "metadata": {},
   "source": [
    "## Bias force term"
   ]
  },
  {
   "cell_type": "code",
   "execution_count": 27,
   "metadata": {},
   "outputs": [
    {
     "name": "stdout",
     "output_type": "stream",
     "text": [
      "Bias force term:\n",
      " [16.1331, -51.9368, 339.587, 44.921, 8.13049, -1.27276, 17.3412, 5.09921, 2.64393, -4.29648, 3.01366, -0.281022, 1.94727, 0.758476, -0.336674, -0.0216558, -1.09433, -6.77529, -3.39509, 2.19611, 1.24952, 0.0694053, 0.321039, -3.99726, 6.46638, 2.54358, 0.064233, 0.128533, -0.257659]\n"
     ]
    }
   ],
   "source": [
    "h = kinDyn.bias_force_fun()\n",
    "print('Bias force term:\\n', cs.DM(h(H_b, s, v_b, s_dot)))"
   ]
  },
  {
   "attachments": {},
   "cell_type": "markdown",
   "metadata": {},
   "source": [
    "## Coriolis term"
   ]
  },
  {
   "cell_type": "code",
   "execution_count": 28,
   "metadata": {},
   "outputs": [
    {
     "name": "stdout",
     "output_type": "stream",
     "text": [
      "Coriolis force term:\n",
      " [16.1332, -51.9368, 15.3625, 2.20902, 2.42962, -1.27276, 3.7024, 1.59915, 0.156886, -1.18186, 1.10201, -0.148477, 0.984778, 0.167417, -0.371429, -0.187071, -0.170549, 0.0996423, 0.652039, 0.102408, 0.735627, 0.0411919, 0.0216915, 0.0407844, -1.6083, -0.536308, -0.158934, 0.0747912, -0.0576157]\n"
     ]
    }
   ],
   "source": [
    "C = kinDyn.coriolis_term_fun()\n",
    "print('Coriolis force term:\\n', cs.DM(C(H_b, s, v_b, s_dot)))"
   ]
  },
  {
   "attachments": {},
   "cell_type": "markdown",
   "metadata": {},
   "source": [
    "## Gravity term"
   ]
  },
  {
   "cell_type": "code",
   "execution_count": 29,
   "metadata": {},
   "outputs": [
    {
     "name": "stdout",
     "output_type": "stream",
     "text": [
      "Gravity term:\n",
      " [-3.88154e-06, -9.94347e-06, 324.224, 42.7119, 5.70087, 2.6907e-07, 13.6388, 3.50005, 2.48705, -3.11461, 1.91165, -0.132544, 0.96249, 0.591059, 0.0347554, 0.165415, -0.923778, -6.87493, -4.04713, 2.09371, 0.513892, 0.0282134, 0.299348, -4.03804, 8.07468, 3.07988, 0.223167, 0.0537418, -0.200043]\n"
     ]
    }
   ],
   "source": [
    "G = kinDyn.gravity_term_fun()\n",
    "print('Gravity term:\\n', cs.DM(G(H_b, s)))"
   ]
  }
 ],
 "metadata": {
  "interpreter": {
   "hash": "9a1dc56e9f79f7f7ef72ef1e6fcad073aa2bd04b0bb433a6767f0e70fa990e2f"
  },
  "kernelspec": {
   "display_name": "Python 3.8.5 64-bit ('base': conda)",
   "language": "python",
   "name": "python3"
  },
  "language_info": {
   "codemirror_mode": {
    "name": "ipython",
    "version": 3
   },
   "file_extension": ".py",
   "mimetype": "text/x-python",
   "name": "python",
   "nbconvert_exporter": "python",
   "pygments_lexer": "ipython3",
   "version": "3.10.11"
  },
  "metadata": {
   "interpreter": {
    "hash": "1aaa65760776477b200513a4708dfe8112d71af684253b4518b287658553a52c"
   }
  },
  "orig_nbformat": 3
 },
 "nbformat": 4,
 "nbformat_minor": 2
}
