{
 "cells": [
  {
   "cell_type": "code",
   "execution_count": 1,
   "metadata": {},
   "outputs": [
    {
     "name": "stderr",
     "output_type": "stream",
     "text": [
      "WARNING:absl:No GPU/TPU found, falling back to CPU. (Set TF_CPP_MIN_LOG_LEVEL=0 and rerun for more info.)\n"
     ]
    }
   ],
   "source": [
    "from adam.casadi.computations import KinDynComputations\n",
    "from adam.geometry import utils\n",
    "import numpy as np\n",
    "import casadi as cs\n",
    "import gym_ignition_models"
   ]
  },
  {
   "cell_type": "code",
   "execution_count": 2,
   "metadata": {},
   "outputs": [],
   "source": [
    "def SX2DM(sx):\n",
    "    return cs.DM(sx)"
   ]
  },
  {
   "cell_type": "markdown",
   "metadata": {},
   "source": [
    "## Import the robot .urdf"
   ]
  },
  {
   "cell_type": "code",
   "execution_count": 3,
   "metadata": {},
   "outputs": [],
   "source": [
    "urdf_path = gym_ignition_models.get_model_file(\"iCubGazeboV2_5\")\n",
    "# The joint list\n",
    "joints_name_list = [\n",
    "    'torso_pitch', 'torso_roll', 'torso_yaw', 'l_shoulder_pitch',\n",
    "    'l_shoulder_roll', 'l_shoulder_yaw', 'l_elbow', 'r_shoulder_pitch',\n",
    "    'r_shoulder_roll', 'r_shoulder_yaw', 'r_elbow', 'l_hip_pitch', 'l_hip_roll',\n",
    "    'l_hip_yaw', 'l_knee', 'l_ankle_pitch', 'l_ankle_roll', 'r_hip_pitch',\n",
    "    'r_hip_roll', 'r_hip_yaw', 'r_knee', 'r_ankle_pitch', 'r_ankle_roll'\n",
    "]\n",
    "# Specify the root link\n",
    "root_link = 'root_link'\n",
    "kinDyn = KinDynComputations(urdf_path, joints_name_list, root_link)"
   ]
  },
  {
   "cell_type": "markdown",
   "metadata": {},
   "source": [
    "The class `KinDynComputations` contains some algorithms for computing kinematics and dynamics quantities."
   ]
  },
  {
   "cell_type": "code",
   "execution_count": 4,
   "metadata": {},
   "outputs": [],
   "source": [
    "# Set joints and base informations\n",
    "xyz = (np.random.rand(3) - 0.5) * 5\n",
    "rpy = (np.random.rand(3) - 0.5) * 5\n",
    "H_b = utils.H_from_Pos_RPY(xyz, rpy)\n",
    "v_b = (np.random.rand(6) - 0.5) * 5\n",
    "s = (np.random.rand(len(joints_name_list)) - 0.5) * 5\n",
    "s_dot = (np.random.rand(len(joints_name_list)) - 0.5) * 5"
   ]
  },
  {
   "cell_type": "markdown",
   "metadata": {},
   "source": [
    "## Mass Matrix"
   ]
  },
  {
   "cell_type": "code",
   "execution_count": 5,
   "metadata": {},
   "outputs": [
    {
     "name": "stdout",
     "output_type": "stream",
     "text": [
      "Mass matrix:\n",
      " \n",
      "[[33.0617, -2.37185e-07, -1.28839e-07, -5.36213e-08, -2.15628, -1.08778, -0.457875, -2.03524, 0.158567, -0.131484, 0.00919299, 0.0157066, 0.103774, 0.0337328, -0.0107114, 0.0055748, 0.0759185, -0.0300253, -0.212599, -0.0130793, 0.285848, -0.0277908, 0.00400305, 0.0142769, -0.135746, -0.095861, 0.35592, -0.0146894, 0.0292848], \n",
      " [-2.37185e-07, 33.0617, -3.27854e-08, 2.15628, 3.70272e-08, 2.69101, -2.53357, 0.355518, -0.252342, 0.0298544, -0.281926, -0.0770974, 0.0126779, -0.0220408, -0.13744, 0.00403763, -0.0696663, -0.154873, 0.647578, 0.184583, 0.264584, -0.0227908, -0.0209135, 0.075277, -0.174444, -0.256781, -0.174708, 0.0104736, 0.0134755], \n",
      " [-1.28839e-07, -3.27854e-08, 33.0617, 1.08778, -2.69101, 1.65941e-08, 0.34732, -1.13858, 0.138718, 0.25917, 0.0263738, -0.0200573, 0.0298214, 0.0090455, 0.376819, -0.0185187, 0.0345885, 0.353538, -0.0968578, -0.215565, 0.19638, -0.0167297, 0.0252119, -0.120089, -0.68269, -0.0131404, 0.147029, -0.0277721, 0.00706153], \n",
      " [-5.36213e-08, 2.15628, 1.08778, 1.08188, -0.0661145, 0.144881, -0.714291, 0.171304, -0.205585, -0.0341696, -0.0176407, 0.0445861, -0.0103597, -0.0362648, -0.113403, 0.0228657, -0.0368076, 0.115892, -0.046504, -0.0853337, 0.0151912, -0.0006065, 0.011039, 0.0460579, -0.0227526, 0.0367208, 0.029983, -0.00805288, 0.000963516], \n",
      " [-2.15628, 3.70272e-08, -2.69101, -0.0661145, 1.26892, -0.161349, 0.0871063, 0.730423, -0.00911797, -0.101164, -0.0128545, 0.0102908, 0.0226876, -0.0585365, 0.021172, 0.0324022, -0.0196076, -0.0316474, -0.0075284, 0.00588481, 0.0324758, -0.0111995, 0.00880397, 0.0195007, 0.209544, -0.0102159, 0.0140176, -0.00724137, 0.00298189], \n",
      " [-1.08778, 2.69101, 1.65941e-08, 0.144881, -0.161349, 1.0107, -0.190237, -0.0454416, 0.233492, -0.00846543, -0.0973115, -0.0047234, 0.0260269, -0.009428, 0.00452672, 0.0133877, 0.0416197, 0.00314172, 0.145033, 0.0105944, -0.0661986, 0.0164676, 0.00560085, 0.0230043, -0.0412558, -0.0581033, -0.0544544, 0.00127344, -0.00986608], \n",
      " [-0.457875, -2.53357, 0.34732, -0.714291, 0.0871063, -0.190237, 0.719563, -0.0390079, 0.199311, 0.0157703, 0.0156728, -0.0420306, 0.0140555, 0.025385, 0.11533, -0.0168484, 0.0325032, 0, 0, 0, 0, 0, 0, 0, 0, 0, 0, 0, 0], \n",
      " [-2.03524, 0.355518, -1.13858, 0.171304, 0.730423, -0.0454416, -0.0390079, 0.683272, -0.0410906, -0.109794, -0.0129825, 0.0189947, 0.0234548, -0.0627546, 0.00122621, 0.0359632, -0.0234079, 0, 0, 0, 0, 0, 0, 0, 0, 0, 0, 0, 0], \n",
      " [0.158567, -0.252342, 0.138718, -0.205585, -0.00911797, 0.233492, 0.199311, -0.0410906, 0.300322, 0.000914132, -0.0773358, -0.0288054, 0.0296679, 0.00549125, 0.0649337, 0.00203254, 0.0511466, 0, 0, 0, 0, 0, 0, 0, 0, 0, 0, 0, 0], \n",
      " [-0.131484, 0.0298544, 0.25917, -0.0341696, -0.101164, -0.00846543, 0.0157703, -0.109794, 0.000914132, 0.109197, 0.00157118, -0.0167064, -0.0384329, 0, 0, 0, 0, 0, 0, 0, 0, 0, 0, 0, 0, 0, 0, 0, 0], \n",
      " [0.00919299, -0.281926, 0.0263738, -0.0176407, -0.0128545, -0.0973115, 0.0156728, -0.0129825, -0.0773358, 0.00157118, 0.0892657, 0.0121991, -0.017076, 0, 0, 0, 0, 0, 0, 0, 0, 0, 0, 0, 0, 0, 0, 0, 0], \n",
      " [0.0157066, -0.0770974, -0.0200573, 0.0445861, 0.0102908, -0.0047234, -0.0420306, 0.0189947, -0.0288054, -0.0167064, 0.0121991, 0.0538243, -2.25892e-05, 0, 0, 0, 0, 0, 0, 0, 0, 0, 0, 0, 0, 0, 0, 0, 0], \n",
      " [0.103774, 0.0126779, 0.0298214, -0.0103597, 0.0226876, 0.0260269, 0.0140555, 0.0234548, 0.0296679, -0.0384329, -0.017076, -2.25892e-05, 0.0464212, 0, 0, 0, 0, 0, 0, 0, 0, 0, 0, 0, 0, 0, 0, 0, 0], \n",
      " [0.0337328, -0.0220408, 0.0090455, -0.0362648, -0.0585365, -0.009428, 0.025385, -0.0627546, 0.00549125, 0, 0, 0, 0, 0.0621118, 0.00412926, -0.0408066, 0.00679434, 0, 0, 0, 0, 0, 0, 0, 0, 0, 0, 0, 0], \n",
      " [-0.0107114, -0.13744, 0.376819, -0.113403, 0.021172, 0.00452672, 0.11533, 0.00122621, 0.0649337, 0, 0, 0, 0, 0.00412926, 0.141299, -0.0041829, 0.0318697, 0, 0, 0, 0, 0, 0, 0, 0, 0, 0, 0, 0], \n",
      " [0.0055748, 0.00403763, -0.0185187, 0.0228657, 0.0324022, 0.0133877, -0.0168484, 0.0359632, 0.00203254, 0, 0, 0, 0, -0.0408066, -0.0041829, 0.0411333, -0.000755841, 0, 0, 0, 0, 0, 0, 0, 0, 0, 0, 0, 0], \n",
      " [0.0759185, -0.0696663, 0.0345885, -0.0368076, -0.0196076, 0.0416197, 0.0325032, -0.0234079, 0.0511466, 0, 0, 0, 0, 0.00679434, 0.0318697, -0.000755841, 0.0464232, 0, 0, 0, 0, 0, 0, 0, 0, 0, 0, 0, 0], \n",
      " [-0.0300253, -0.154873, 0.353538, 0.115892, -0.0316474, 0.00314172, 0, 0, 0, 0, 0, 0, 0, 0, 0, 0, 0, 0.0737865, -0.0140705, -0.0544491, -0.00424506, 0.00256794, 0.00580639, 0, 0, 0, 0, 0, 0], \n",
      " [-0.212599, 0.647578, -0.0968578, -0.046504, -0.0075284, 0.145033, 0, 0, 0, 0, 0, 0, 0, 0, 0, 0, 0, -0.0140705, 0.147996, 0.0191458, -0.014742, 0.0102332, 0.00634051, 0, 0, 0, 0, 0, 0], \n",
      " [-0.0130793, 0.184583, -0.215565, -0.0853337, 0.00588481, 0.0105944, 0, 0, 0, 0, 0, 0, 0, 0, 0, 0, 0, -0.0544491, 0.0191458, 0.0523891, 0.000822887, -0.000141661, -0.00736165, 0, 0, 0, 0, 0, 0], \n",
      " [0.285848, 0.264584, 0.19638, 0.0151912, 0.0324758, -0.0661986, 0, 0, 0, 0, 0, 0, 0, 0, 0, 0, 0, -0.00424506, -0.014742, 0.000822887, 0.098885, -0.0217875, 0.000268157, 0, 0, 0, 0, 0, 0], \n",
      " [-0.0277908, -0.0227908, -0.0167297, -0.0006065, -0.0111995, 0.0164676, 0, 0, 0, 0, 0, 0, 0, 0, 0, 0, 0, 0.00256794, 0.0102332, -0.000141661, -0.0217875, 0.0138596, -1.4231e-05, 0, 0, 0, 0, 0, 0], \n",
      " [0.00400305, -0.0209135, 0.0252119, 0.011039, 0.00880397, 0.00560085, 0, 0, 0, 0, 0, 0, 0, 0, 0, 0, 0, 0.00580639, 0.00634051, -0.00736165, 0.000268157, -1.4231e-05, 0.0120266, 0, 0, 0, 0, 0, 0], \n",
      " [0.0142769, 0.075277, -0.120089, 0.0460579, 0.0195007, 0.0230043, 0, 0, 0, 0, 0, 0, 0, 0, 0, 0, 0, 0, 0, 0, 0, 0, 0, 0.0583148, 0.0133962, 0.0307806, 0.00654467, -0.00318644, 0.000128088], \n",
      " [-0.135746, -0.174444, -0.68269, -0.0227526, 0.209544, -0.0412558, 0, 0, 0, 0, 0, 0, 0, 0, 0, 0, 0, 0, 0, 0, 0, 0, 0, 0.0133962, 0.162484, 0.00961085, 0.0175254, -0.00928327, 0.00489682], \n",
      " [-0.095861, -0.256781, -0.0131404, 0.0367208, -0.0102159, -0.0581033, 0, 0, 0, 0, 0, 0, 0, 0, 0, 0, 0, 0, 0, 0, 0, 0, 0, 0.0307806, 0.00961085, 0.0486085, 0.00430511, -0.000854758, 0.00353587], \n",
      " [0.35592, -0.174708, 0.147029, 0.029983, 0.0140176, -0.0544544, 0, 0, 0, 0, 0, 0, 0, 0, 0, 0, 0, 0, 0, 0, 0, 0, 0, 0.00654467, 0.0175254, 0.00430511, 0.092591, -0.0182534, 0.00477585], \n",
      " [-0.0146894, 0.0104736, -0.0277721, -0.00805288, -0.00724137, 0.00127344, 0, 0, 0, 0, 0, 0, 0, 0, 0, 0, 0, 0, 0, 0, 0, 0, 0, -0.00318644, -0.00928327, -0.000854758, -0.0182534, 0.0131613, -0.00042462], \n",
      " [0.0292848, 0.0134755, 0.00706153, 0.000963516, 0.00298189, -0.00986608, 0, 0, 0, 0, 0, 0, 0, 0, 0, 0, 0, 0, 0, 0, 0, 0, 0, 0.000128088, 0.00489682, 0.00353587, 0.00477585, -0.00042462, 0.0120268]]\n"
     ]
    }
   ],
   "source": [
    "M = kinDyn.mass_matrix_fun()\n",
    "print('Mass matrix:\\n', SX2DM(M(H_b, s)))"
   ]
  },
  {
   "cell_type": "markdown",
   "metadata": {},
   "source": [
    "## Centroidal Momentum Matrix"
   ]
  },
  {
   "cell_type": "code",
   "execution_count": 6,
   "metadata": {},
   "outputs": [
    {
     "name": "stdout",
     "output_type": "stream",
     "text": [
      "Centroidal Momentum Matrix:\n",
      " \n",
      "[[33.0617, -2.37185e-07, -1.28839e-07, -5.36213e-08, -2.15628, -1.08778, -0.457875, -2.03524, 0.158567, -0.131484, 0.00919299, 0.0157066, 0.103774, 0.0337328, -0.0107114, 0.0055748, 0.0759185, -0.0300253, -0.212599, -0.0130793, 0.285848, -0.0277908, 0.00400305, 0.0142769, -0.135746, -0.095861, 0.35592, -0.0146894, 0.0292848], \n",
      " [-2.37185e-07, 33.0617, -3.27854e-08, 2.15628, 3.70272e-08, 2.69101, -2.53357, 0.355518, -0.252342, 0.0298544, -0.281926, -0.0770974, 0.0126779, -0.0220408, -0.13744, 0.00403763, -0.0696663, -0.154873, 0.647578, 0.184583, 0.264584, -0.0227908, -0.0209135, 0.075277, -0.174444, -0.256781, -0.174708, 0.0104736, 0.0134755], \n",
      " [-1.28839e-07, -3.27854e-08, 33.0617, 1.08778, -2.69101, 1.65941e-08, 0.34732, -1.13858, 0.138718, 0.25917, 0.0263738, -0.0200573, 0.0298214, 0.0090455, 0.376819, -0.0185187, 0.0345885, 0.353538, -0.0968578, -0.215565, 0.19638, -0.0167297, 0.0252119, -0.120089, -0.68269, -0.0131404, 0.147029, -0.0277721, 0.00706153], \n",
      " [-8.75344e-08, -3.62954e-08, -9.8257e-08, 0.905463, 0.022424, -0.0306267, -0.560479, 0.185578, -0.193691, -0.0446437, -0.000121249, 0.0502743, -0.0121678, -0.035125, -0.116837, 0.0232117, -0.033402, 0.114361, -0.0855521, -0.0902797, -0.00852611, 0.00143035, 0.0115735, 0.0450995, 0.0110861, 0.0539004, 0.03654, -0.00782223, -0.000147687], \n",
      " [9.1163e-08, 5.59167e-08, 9.71107e-08, 0.022424, 0.909257, -0.232294, 0.0855135, 0.505011, 0.0125146, -0.0886446, -0.0101083, 0.00968267, 0.0318831, -0.0556002, 0.0511442, 0.0312585, -0.0118409, -0.00482989, -0.0292777, -0.0125139, 0.0671029, -0.0143737, 0.0111171, 0.0106573, 0.145124, -0.0175375, 0.0491978, -0.0104599, 0.0054666], \n",
      " [-6.95873e-08, -1.63427e-08, 3.16177e-08, -0.0306267, -0.232294, 0.755874, 0.000914772, -0.141341, 0.259248, -0.0152214, -0.0740621, 0.00206862, 0.0284093, -0.00652416, 0.0153611, 0.0132425, 0.049788, 0.0147596, 0.0853296, -0.00485984, -0.0783293, 0.0174083, 0.00743479, 0.0173469, -0.0315234, -0.0403568, -0.0285239, -6.23491e-05, -0.00999938]]\n"
     ]
    }
   ],
   "source": [
    "Jcm = kinDyn.centroidal_momentum_matrix_fun()\n",
    "print('Centroidal Momentum Matrix:\\n', SX2DM(Jcm(H_b, s)))"
   ]
  },
  {
   "cell_type": "markdown",
   "metadata": {},
   "source": [
    "## Center of mass position"
   ]
  },
  {
   "cell_type": "code",
   "execution_count": 7,
   "metadata": {},
   "outputs": [
    {
     "name": "stdout",
     "output_type": "stream",
     "text": [
      "Center of Mass position:\n",
      " [-1.48223, -0.697022, -2.24606]\n"
     ]
    }
   ],
   "source": [
    "CoM = kinDyn.CoM_position_fun()\n",
    "print('Center of Mass position:\\n', SX2DM(CoM(H_b, s)))"
   ]
  },
  {
   "cell_type": "markdown",
   "metadata": {},
   "source": [
    "## Total Mass"
   ]
  },
  {
   "cell_type": "code",
   "execution_count": 8,
   "metadata": {},
   "outputs": [
    {
     "name": "stdout",
     "output_type": "stream",
     "text": [
      "Total mass:\n",
      " 33.06167270000001\n"
     ]
    }
   ],
   "source": [
    "print('Total mass:\\n', kinDyn.get_total_mass())"
   ]
  },
  {
   "cell_type": "markdown",
   "metadata": {},
   "source": [
    "## Jacobian"
   ]
  },
  {
   "cell_type": "code",
   "execution_count": 9,
   "metadata": {},
   "outputs": [
    {
     "name": "stdout",
     "output_type": "stream",
     "text": [
      "Jacobian of the left sole:\n",
      " \n",
      "[[1, 00, 00, 0, 0.120413, -0.239225, 0, 0, 0, 0, 0, 0, 0, 0, 0, 0, 0, -0.0166173, -0.0972176, -0.00661298, 0.141715, -0.0118362, 0.00388333, 0, 0, 0, 0, 0, 0], \n",
      " [00, 1, 00, -0.120413, 0, -0.0301418, 0, 0, 0, 0, 0, 0, 0, 0, 0, 0, 0, -0.0884937, 0.0162926, 0.0912776, 0.172288, -0.0497057, -0.0405297, 0, 0, 0, 0, 0, 0], \n",
      " [00, 00, 1, 0.239225, 0.0301418, 0, 0, 0, 0, 0, 0, 0, 0, 0, 0, 0, 0, 0.11404, -0.000408246, -0.111772, 0.130486, -0.0393521, 0.0500251, 0, 0, 0, 0, 0, 0], \n",
      " [0, 0, 0, 1, 00, 00, 0, 0, 0, 0, 0, 0, 0, 0, 0, 0, 0, 0.984185, 0.0218101, -0.998883, -0.0456993, 0.0456993, 0.183528, 0, 0, 0, 0, 0, 0], \n",
      " [0, 0, 0, 00, 1, 00, 0, 0, 0, 0, 0, 0, 0, 0, 0, 0, 0, -0.177039, 0.154888, -0.0380516, 0.626738, -0.626738, 0.770715, 0, 0, 0, 0, 0, 0], \n",
      " [0, 0, 0, 00, 00, 1, 0, 0, 0, 0, 0, 0, 0, 0, 0, 0, 0, 0.00603031, 0.987691, 0.0280244, -0.777889, 0.777889, 0.610177, 0, 0, 0, 0, 0, 0]]\n"
     ]
    }
   ],
   "source": [
    "J = kinDyn.jacobian_fun('l_sole')\n",
    "print('Jacobian of the left sole:\\n', SX2DM(J(H_b, s)))"
   ]
  },
  {
   "cell_type": "markdown",
   "metadata": {},
   "source": [
    "## Relative jacobian"
   ]
  },
  {
   "cell_type": "code",
   "execution_count": 10,
   "metadata": {},
   "outputs": [
    {
     "name": "stdout",
     "output_type": "stream",
     "text": [
      "Jacobian between the root link and left sole:\n",
      " \n",
      "[[0, 0, 0, 0, 0, 0, 0, 0, 0, 0, 0, -0.136235, -0.000539507, 0.13352, -0.0635376, 0.0217028, -0.0596057, 0, 0, 0, 0, 0, 0], \n",
      " [0, 0, 0, 0, 0, 0, 0, 0, 0, 0, 0, 2.82067e-14, -0.098567, -0.0233421, 0.109759, -0.00308654, 0.0112989, 0, 0, 0, 0, 0, 0], \n",
      " [0, 0, 0, 0, 0, 0, 0, 0, 0, 0, 0, 0.0505218, 0.00106173, -0.0499579, -0.225186, 0.0606531, 0.021903, 0, 0, 0, 0, 0, 0], \n",
      " [0, 0, 0, 0, 0, 0, 0, 0, 0, 0, 0, 2.07045e-13, -0.891505, -0.0982857, 0.926694, -0.926694, -0.336515, 0, 0, 0, 0, 0, 0], \n",
      " [0, 0, 0, 0, 0, 0, 0, 0, 0, 0, 0, 1, 1.8436e-13, -0.97618, -0.160624, 0.160624, 0.0478585, 0, 0, 0, 0, 0, 0], \n",
      " [0, 0, 0, 0, 0, 0, 0, 0, 0, 0, 0, 0, -0.453011, 0.193422, -0.339762, 0.339762, -0.940461, 0, 0, 0, 0, 0, 0]]\n"
     ]
    }
   ],
   "source": [
    "J_r = kinDyn.relative_jacobian_fun('l_sole')\n",
    "print('Jacobian between the root link and left sole:\\n', SX2DM(J_r(s)))"
   ]
  },
  {
   "cell_type": "markdown",
   "metadata": {},
   "source": [
    "## Forward kinematics"
   ]
  },
  {
   "cell_type": "code",
   "execution_count": 11,
   "metadata": {},
   "outputs": [
    {
     "name": "stdout",
     "output_type": "stream",
     "text": [
      "Forward kinematics to the left sole:\n",
      " \n",
      "[[0.183528, 0.0602066, 0.981169, -1.59376], \n",
      " [0.770715, -0.628368, -0.105604, -0.490699], \n",
      " [0.610177, 0.775583, -0.161725, -2.06043], \n",
      " [0, 0, 0, 1]]\n"
     ]
    }
   ],
   "source": [
    "H = kinDyn.forward_kinematics_fun('l_sole')\n",
    "print('Forward kinematics to the left sole:\\n', SX2DM(H(H_b, s)))"
   ]
  },
  {
   "cell_type": "markdown",
   "metadata": {},
   "source": [
    "## Bias force term"
   ]
  },
  {
   "cell_type": "code",
   "execution_count": 12,
   "metadata": {},
   "outputs": [
    {
     "name": "stdout",
     "output_type": "stream",
     "text": [
      "Bias force term:\n",
      " [-10.4557, -12.6831, 342.605, 10.3614, -30.9899, 0.102771, 4.31766, -12.9124, 2.02004, 2.77223, 0.186025, -0.517362, 0.241313, 0.230028, 3.78126, -0.223227, 0.561087, 3.66779, -1.15611, -2.14063, 1.67583, -0.137267, 0.248258, -1.75708, -7.54027, 0.209693, 0.834118, -0.208901, 0.056177]\n"
     ]
    }
   ],
   "source": [
    "h = kinDyn.bias_force_fun()\n",
    "print('Bias force term:\\n', SX2DM(h(H_b, s, v_b, s_dot)))"
   ]
  },
  {
   "cell_type": "markdown",
   "metadata": {},
   "source": [
    "## Coriolis term"
   ]
  },
  {
   "cell_type": "code",
   "execution_count": 13,
   "metadata": {},
   "outputs": [
    {
     "name": "stdout",
     "output_type": "stream",
     "text": [
      "Coriolis force term:\n",
      " [-10.4557, -12.6831, 18.3805, -0.306069, -4.60008, 0.102771, 0.911614, -1.74665, 0.659676, 0.230643, -0.0726137, -0.320667, -0.0511352, 0.141322, 0.0859238, -0.0416199, 0.22189, 0.200766, -0.206258, -0.0266594, -0.250005, 0.0267953, 0.00101389, -0.579415, -0.845361, 0.338557, -0.60774, 0.0634507, -0.013073]\n"
     ]
    }
   ],
   "source": [
    "C = kinDyn.coriolis_term_fun()\n",
    "print('Coriolis force term:\\n', SX2DM(C(H_b, s, v_b, s_dot)))"
   ]
  },
  {
   "cell_type": "markdown",
   "metadata": {},
   "source": [
    "## Gravity term"
   ]
  },
  {
   "cell_type": "code",
   "execution_count": 14,
   "metadata": {},
   "outputs": [
    {
     "name": "stdout",
     "output_type": "stream",
     "text": [
      "Gravity term:\n",
      " [-1.26348e-06, -3.21515e-07, 324.224, 10.6675, -26.3898, 1.62732e-07, 3.40605, -11.1657, 1.36036, 2.54158, 0.258638, -0.196695, 0.292448, 0.0887061, 3.69534, -0.181607, 0.339197, 3.46703, -0.94985, -2.11397, 1.92583, -0.164063, 0.247244, -1.17767, -6.69491, -0.128864, 1.44186, -0.272351, 0.06925]\n"
     ]
    }
   ],
   "source": [
    "G = kinDyn.gravity_term_fun()\n",
    "print('Gravity term:\\n', SX2DM(G(H_b, s)))"
   ]
  }
 ],
 "metadata": {
  "interpreter": {
   "hash": "9a1dc56e9f79f7f7ef72ef1e6fcad073aa2bd04b0bb433a6767f0e70fa990e2f"
  },
  "kernelspec": {
   "display_name": "Python 3.8.5 64-bit ('base': conda)",
   "language": "python",
   "name": "python3"
  },
  "language_info": {
   "codemirror_mode": {
    "name": "ipython",
    "version": 3
   },
   "file_extension": ".py",
   "mimetype": "text/x-python",
   "name": "python",
   "nbconvert_exporter": "python",
   "pygments_lexer": "ipython3",
   "version": "3.8.12"
  },
  "metadata": {
   "interpreter": {
    "hash": "1aaa65760776477b200513a4708dfe8112d71af684253b4518b287658553a52c"
   }
  },
  "orig_nbformat": 3
 },
 "nbformat": 4,
 "nbformat_minor": 2
}
