{
 "cells": [
  {
   "cell_type": "code",
   "execution_count": 37,
   "metadata": {},
   "outputs": [],
   "source": [
    "from adam.core.computations import KinDynComputations\n",
    "from adam.geometry import utils\n",
    "import numpy as np\n",
    "import casadi as cs\n",
    "import gym_ignition_models"
   ]
  },
  {
   "cell_type": "code",
   "execution_count": 38,
   "metadata": {},
   "outputs": [],
   "source": [
    "def SX2DM(asd):\n",
    "    return cs.DM(asd)"
   ]
  },
  {
   "cell_type": "markdown",
   "metadata": {},
   "source": [
    "## Import the robot .urdf"
   ]
  },
  {
   "cell_type": "code",
   "execution_count": 39,
   "metadata": {},
   "outputs": [
    {
     "name": "stdout",
     "output_type": "stream",
     "text": [
      "+--------------------+\n",
      "|       Links        |\n",
      "+-----+--------------+\n",
      "| Idx |  Link name   |\n",
      "+-----+--------------+\n",
      "|  0  |  root_link   |\n",
      "|  1  |   r_hip_1    |\n",
      "|  2  |   r_hip_2    |\n",
      "|  3  |   r_hip_3    |\n",
      "|  4  | r_upper_leg  |\n",
      "|  5  | r_lower_leg  |\n",
      "|  6  |  r_ankle_1   |\n",
      "|  7  |  r_ankle_2   |\n",
      "|  8  |    r_foot    |\n",
      "|  9  |   l_hip_1    |\n",
      "|  10 |   l_hip_2    |\n",
      "|  11 |   l_hip_3    |\n",
      "|  12 | l_upper_leg  |\n",
      "|  13 | l_lower_leg  |\n",
      "|  14 |  l_ankle_1   |\n",
      "|  15 |  l_ankle_2   |\n",
      "|  16 |    l_foot    |\n",
      "|  17 |   torso_1    |\n",
      "|  18 |   torso_2    |\n",
      "|  19 |    chest     |\n",
      "|  20 | r_shoulder_1 |\n",
      "|  21 | r_shoulder_2 |\n",
      "|  22 | r_shoulder_3 |\n",
      "|  23 | r_upper_arm  |\n",
      "|  24 |  r_elbow_1   |\n",
      "|  25 |  r_forearm   |\n",
      "|  26 |  r_wrist_1   |\n",
      "|  27 |    r_hand    |\n",
      "|  28 | l_shoulder_1 |\n",
      "|  29 | l_shoulder_2 |\n",
      "|  30 | l_shoulder_3 |\n",
      "|  31 | l_upper_arm  |\n",
      "|  32 |  l_elbow_1   |\n",
      "|  33 |  l_forearm   |\n",
      "|  34 |  l_wrist_1   |\n",
      "|  35 |    l_hand    |\n",
      "|  36 |    neck_1    |\n",
      "|  37 |    neck_2    |\n",
      "|  38 |     head     |\n",
      "+-----+--------------+\n",
      "+----------------------------------------------+\n",
      "|                    Frames                    |\n",
      "+-----+--------------------------+-------------+\n",
      "| Idx |        Frame name        |    Parent   |\n",
      "+-----+--------------------------+-------------+\n",
      "|  0  | r_upper_leg_back_contact | r_upper_leg |\n",
      "|  1  |   r_upper_leg_dh_frame   | r_upper_leg |\n",
      "|  2  |          r_sole          |    r_foot   |\n",
      "|  3  | l_upper_leg_back_contact | l_upper_leg |\n",
      "|  4  |   l_upper_leg_dh_frame   | l_upper_leg |\n",
      "|  5  |          l_sole          |    l_foot   |\n",
      "|  6  |    r_forearm_dh_frame    |  r_forearm  |\n",
      "|  7  |     r_hand_dh_frame      |    r_hand   |\n",
      "|  8  |    l_forearm_dh_frame    |  l_forearm  |\n",
      "|  9  |     l_hand_dh_frame      |    l_hand   |\n",
      "|  11 |     l_foot_dh_frame      |    l_foot   |\n",
      "|  12 |     r_foot_dh_frame      |    r_foot   |\n",
      "+-----+--------------------------+-------------+\n",
      "+-----------------------------------------------------------------+\n",
      "|                              Joints                             |\n",
      "+-----+------------------+----------+--------------+--------------+\n",
      "| Idx |    Joint name    |   Type   |    Parent    |    Child     |\n",
      "+-----+------------------+----------+--------------+--------------+\n",
      "|  1  |   r_hip_pitch    | revolute |  root_link   |   r_hip_1    |\n",
      "|  2  |    r_hip_roll    | revolute |   r_hip_1    |   r_hip_2    |\n",
      "|  3  | r_leg_ft_sensor  |  fixed   |   r_hip_2    |   r_hip_3    |\n",
      "|  4  |    r_hip_yaw     | revolute |   r_hip_3    | r_upper_leg  |\n",
      "|  5  |      r_knee      | revolute | r_upper_leg  | r_lower_leg  |\n",
      "|  6  |  r_ankle_pitch   | revolute | r_lower_leg  |  r_ankle_1   |\n",
      "|  7  |   r_ankle_roll   | revolute |  r_ankle_1   |  r_ankle_2   |\n",
      "|  8  | r_foot_ft_sensor |  fixed   |  r_ankle_2   |    r_foot    |\n",
      "|  9  |   l_hip_pitch    | revolute |  root_link   |   l_hip_1    |\n",
      "|  10 |    l_hip_roll    | revolute |   l_hip_1    |   l_hip_2    |\n",
      "|  11 | l_leg_ft_sensor  |  fixed   |   l_hip_2    |   l_hip_3    |\n",
      "|  12 |    l_hip_yaw     | revolute |   l_hip_3    | l_upper_leg  |\n",
      "|  13 |      l_knee      | revolute | l_upper_leg  | l_lower_leg  |\n",
      "|  14 |  l_ankle_pitch   | revolute | l_lower_leg  |  l_ankle_1   |\n",
      "|  15 |   l_ankle_roll   | revolute |  l_ankle_1   |  l_ankle_2   |\n",
      "|  16 | l_foot_ft_sensor |  fixed   |  l_ankle_2   |    l_foot    |\n",
      "|  17 |   torso_pitch    | revolute |  root_link   |   torso_1    |\n",
      "|  18 |    torso_roll    | revolute |   torso_1    |   torso_2    |\n",
      "|  19 |    torso_yaw     | revolute |   torso_2    |    chest     |\n",
      "|  20 | r_shoulder_pitch | revolute |    chest     | r_shoulder_1 |\n",
      "|  21 | r_shoulder_roll  | revolute | r_shoulder_1 | r_shoulder_2 |\n",
      "|  22 |  r_shoulder_yaw  | revolute | r_shoulder_2 | r_shoulder_3 |\n",
      "|  23 | r_arm_ft_sensor  |  fixed   | r_shoulder_3 | r_upper_arm  |\n",
      "|  24 |     r_elbow      | revolute | r_upper_arm  |  r_elbow_1   |\n",
      "|  25 |  r_wrist_prosup  | revolute |  r_elbow_1   |  r_forearm   |\n",
      "|  26 |  r_wrist_pitch   | revolute |  r_forearm   |  r_wrist_1   |\n",
      "|  27 |   r_wrist_yaw    | revolute |  r_wrist_1   |    r_hand    |\n",
      "|  28 | l_shoulder_pitch | revolute |    chest     | l_shoulder_1 |\n",
      "|  29 | l_shoulder_roll  | revolute | l_shoulder_1 | l_shoulder_2 |\n",
      "|  30 |  l_shoulder_yaw  | revolute | l_shoulder_2 | l_shoulder_3 |\n",
      "|  31 | l_arm_ft_sensor  |  fixed   | l_shoulder_3 | l_upper_arm  |\n",
      "|  32 |     l_elbow      | revolute | l_upper_arm  |  l_elbow_1   |\n",
      "|  33 |  l_wrist_prosup  | revolute |  l_elbow_1   |  l_forearm   |\n",
      "|  34 |  l_wrist_pitch   | revolute |  l_forearm   |  l_wrist_1   |\n",
      "|  35 |   l_wrist_yaw    | revolute |  l_wrist_1   |    l_hand    |\n",
      "|  36 |    neck_pitch    | revolute |    chest     |    neck_1    |\n",
      "|  37 |    neck_roll     | revolute |    neck_1    |    neck_2    |\n",
      "|  38 |     neck_yaw     | revolute |    neck_2    |     head     |\n",
      "+-----+------------------+----------+--------------+--------------+\n"
     ]
    }
   ],
   "source": [
    "urdf_path = gym_ignition_models.get_model_file(\"iCubGazeboV2_5\")\n",
    "# The joint list\n",
    "joints_name_list = [\n",
    "    'torso_pitch', 'torso_roll', 'torso_yaw', 'l_shoulder_pitch',\n",
    "    'l_shoulder_roll', 'l_shoulder_yaw', 'l_elbow', 'r_shoulder_pitch',\n",
    "    'r_shoulder_roll', 'r_shoulder_yaw', 'r_elbow', 'l_hip_pitch', 'l_hip_roll',\n",
    "    'l_hip_yaw', 'l_knee', 'l_ankle_pitch', 'l_ankle_roll', 'r_hip_pitch',\n",
    "    'r_hip_roll', 'r_hip_yaw', 'r_knee', 'r_ankle_pitch', 'r_ankle_roll'\n",
    "]\n",
    "# Specify the root link\n",
    "root_link = 'root_link'\n",
    "kinDyn = KinDynComputations(urdf_path, joints_name_list, root_link)"
   ]
  },
  {
   "cell_type": "markdown",
   "metadata": {},
   "source": [
    "The class `KinDynComputations` contains some algorithms for computing kinematics and dynamics quantities."
   ]
  },
  {
   "cell_type": "code",
   "execution_count": 40,
   "metadata": {},
   "outputs": [],
   "source": [
    "# Set joints and base informations\n",
    "xyz = (np.random.rand(3) - 0.5) * 5\n",
    "rpy = (np.random.rand(3) - 0.5) * 5\n",
    "H_b = utils.H_from_PosRPY(xyz, rpy)\n",
    "s = (np.random.rand(len(joints_name_list)) - 0.5) * 5"
   ]
  },
  {
   "cell_type": "markdown",
   "metadata": {},
   "source": [
    "## Mass Matrix"
   ]
  },
  {
   "cell_type": "code",
   "execution_count": 41,
   "metadata": {},
   "outputs": [
    {
     "name": "stdout",
     "output_type": "stream",
     "text": [
      "Mass matrix:\n",
      " \n",
      "[[33.0617, 2.85311e-07, -3.0192e-08, 3.29406e-08, 0.999057, -0.864711, 0.0535898, -0.0169137, 0.0825016, -0.0788439, -0.28152, -0.0121558, 0.0923812, -0.159227, -0.0042376, -0.00686455, 0.0881238, -0.0326767, -0.312375, -0.0549563, -0.214545, -0.020929, -0.00616762, 0.0254527, -0.0399299, 0.0281148, -0.152335, 0.0308858, 0.011377], \n",
      " [2.85311e-07, 33.0617, 1.82187e-07, -0.999057, -3.28988e-08, 0.202969, 0.0950099, -2.28613, 0.109644, -0.0568141, 0.220653, -0.0087007, -0.0520424, 0.0591758, -0.0465633, 0.00335792, -0.04928, 0.0953683, -0.287698, -0.0484828, -0.327521, 0.033458, -0.00363972, -0.0639958, 0.833879, -0.188254, -0.0671631, 0.00293805, -0.0258128], \n",
      " [-3.0192e-08, 1.82187e-07, 33.0617, 0.864711, -0.202969, -4.18013e-11, -0.417513, -0.466451, -0.867766, 0.0433019, -0.182652, 0.00643743, 0.0240099, 0.00838321, 0.397336, -0.00689165, -0.0402375, 0.255955, 1.26058, 0.22429, -0.126559, 0.00241981, 0.0322141, -0.199278, -1.05967, -0.00766326, 0.360533, 0.0119698, 0.0171265], \n",
      " [3.29406e-08, -0.999057, 0.864711, 0.800621, -0.2397, -0.368485, 0.438773, -0.106744, 0.413647, -0.0329927, 0.130282, -0.00281644, -0.039123, -0.0221257, -0.0890763, 0.0142005, 0.0178826, -0.0365048, 0.0743759, -0.00682303, 0.0505269, -0.00776799, 0.00996019, -0.0534208, -0.235185, 0.0349821, 0.0670329, -0.000139085, 0.0165926], \n",
      " [0.999057, -3.28988e-08, -0.202969, -0.2397, 1.79029, -0.185028, -0.0586948, -0.211043, -0.274172, 0.000614888, 0.0791049, -0.019911, -0.0486372, -0.0520949, 0.0899054, 0.0369912, -0.0129696, -0.113123, -0.537147, -0.103426, 0.0279502, -0.00687421, -0.0209209, 0.0513801, 0.276193, 0.00647949, -0.141976, 0.0123131, -0.0021013], \n",
      " [-0.864711, 0.202969, -4.18007e-11, -0.368485, -0.185028, 1.75222, 0.0243904, 0.678407, 0.0199767, -0.0588775, -0.10526, -0.0338325, 0.0446376, -0.0599162, 0.00949029, 0.00249564, 0.0547709, 0.0288799, -0.103774, -0.0249967, -0.158233, 0.027395, -0.000417204, -0.0118301, 0.222839, -0.0621812, 0.00252487, -0.00303803, -0.0142636], \n",
      " [0.0535898, 0.0950099, -0.417513, 0.438773, -0.0586948, 0.0243904, 0.438383, -0.0194436, 0.413144, -0.0402067, 0.115762, -0.00706954, -0.0330791, -0.0294998, -0.0872509, 0.0143604, 0.0247113, 0, 0, 0, 0, 0, 0, 0, 0, 0, 0, 0, 0], \n",
      " [-0.0169137, -2.28613, -0.466451, -0.106744, -0.211043, 0.678407, -0.0194436, 0.716983, 0.0228642, -0.050929, -0.124539, -0.028254, 0.0548568, -0.0401888, 0.00110633, -0.00640383, 0.0509502, 0, 0, 0, 0, 0, 0, 0, 0, 0, 0, 0, 0], \n",
      " [0.0825016, 0.109644, -0.867766, 0.413647, -0.274172, 0.0199767, 0.413144, 0.0228642, 0.463721, -0.0304346, 0.0784196, 0.00441649, -0.014216, -0.00129455, -0.105723, -0.00176967, 0.0225032, 0, 0, 0, 0, 0, 0, 0, 0, 0, 0, 0, 0], \n",
      " [-0.0788439, -0.0568141, 0.0433019, -0.0329927, 0.000614888, -0.0588775, -0.0402067, -0.050929, -0.0304346, 0.0670624, 0.000801641, 0.040705, -0.00425539, 0, 0, 0, 0, 0, 0, 0, 0, 0, 0, 0, 0, 0, 0, 0, 0], \n",
      " [-0.28152, 0.220653, -0.182652, 0.130282, 0.0791049, -0.10526, 0.115762, -0.124539, 0.0784196, 0.000801641, 0.141538, 0.00079261, -0.0615178, 0, 0, 0, 0, 0, 0, 0, 0, 0, 0, 0, 0, 0, 0, 0, 0], \n",
      " [-0.0121558, -0.0087007, 0.00643743, -0.00281644, -0.019911, -0.0338325, -0.00706954, -0.028254, 0.00441649, 0.040705, 0.00079261, 0.0410515, -0.000775784, 0, 0, 0, 0, 0, 0, 0, 0, 0, 0, 0, 0, 0, 0, 0, 0], \n",
      " [0.0923812, -0.0520424, 0.0240099, -0.039123, -0.0486372, 0.0446376, -0.0330791, 0.0548568, -0.014216, -0.00425539, -0.0615178, -0.000775784, 0.0464212, 0, 0, 0, 0, 0, 0, 0, 0, 0, 0, 0, 0, 0, 0, 0, 0], \n",
      " [-0.159227, 0.0591758, 0.00838321, -0.0221257, -0.0520949, -0.0599162, -0.0294998, -0.0401888, -0.00129455, 0, 0, 0, 0, 0.0772037, 0.000340454, -0.0360225, -0.0256571, 0, 0, 0, 0, 0, 0, 0, 0, 0, 0, 0, 0], \n",
      " [-0.0042376, -0.0465633, 0.397336, -0.0890763, 0.0899054, 0.00949029, -0.0872509, 0.00110633, -0.105723, 0, 0, 0, 0, 0.000340454, 0.140835, -0.000367681, -0.0209044, 0, 0, 0, 0, 0, 0, 0, 0, 0, 0, 0, 0], \n",
      " [-0.00686455, 0.00335792, -0.00689165, 0.0142005, 0.0369912, 0.00249564, 0.0143604, -0.00640383, -0.00176967, 0, 0, 0, 0, -0.0360225, -0.000367681, 0.0409886, -0.000757074, 0, 0, 0, 0, 0, 0, 0, 0, 0, 0, 0, 0], \n",
      " [0.0881238, -0.04928, -0.0402375, 0.0178826, -0.0129696, 0.0547709, 0.0247113, 0.0509502, 0.0225032, 0, 0, 0, 0, -0.0256571, -0.0209044, -0.000757074, 0.0464232, 0, 0, 0, 0, 0, 0, 0, 0, 0, 0, 0, 0], \n",
      " [-0.0326767, 0.0953683, 0.255955, -0.0365048, -0.113123, 0.0288799, 0, 0, 0, 0, 0, 0, 0, 0, 0, 0, 0, 0.0518951, 0.086993, 0.0360055, -0.0180473, 0.00250247, -0.00633295, 0, 0, 0, 0, 0, 0], \n",
      " [-0.312375, -0.287698, 1.26058, 0.0743759, -0.537147, -0.103774, 0, 0, 0, 0, 0, 0, 0, 0, 0, 0, 0, 0.086993, 0.449579, 0.0886097, 0.000155907, -0.000136216, 0.0183912, 0, 0, 0, 0, 0, 0], \n",
      " [-0.0549563, -0.0484828, 0.22429, -0.00682303, -0.103426, -0.0249967, 0, 0, 0, 0, 0, 0, 0, 0, 0, 0, 0, 0.0360055, 0.0886097, 0.0364139, 0.000487857, -0.000191012, -0.00653577, 0, 0, 0, 0, 0, 0], \n",
      " [-0.214545, -0.327521, -0.126559, 0.0505269, 0.0279502, -0.158233, 0, 0, 0, 0, 0, 0, 0, 0, 0, 0, 0, -0.0180473, 0.000155907, 0.000487857, 0.0883509, -0.0165195, -0.000865187, 0, 0, 0, 0, 0, 0], \n",
      " [-0.020929, 0.033458, 0.00241981, -0.00776799, -0.00687421, 0.027395, 0, 0, 0, 0, 0, 0, 0, 0, 0, 0, 0, 0.00250247, -0.000136216, -0.000191012, -0.0165195, 0.0138578, 0.000118163, 0, 0, 0, 0, 0, 0], \n",
      " [-0.00616762, -0.00363972, 0.0322141, 0.00996019, -0.0209209, -0.000417204, 0, 0, 0, 0, 0, 0, 0, 0, 0, 0, 0, -0.00633295, 0.0183912, -0.00653577, -0.000865187, 0.000118163, 0.0120266, 0, 0, 0, 0, 0, 0], \n",
      " [0.0254527, -0.0639958, -0.199278, -0.0534208, 0.0513801, -0.0118301, 0, 0, 0, 0, 0, 0, 0, 0, 0, 0, 0, 0, 0, 0, 0, 0, 0, 0.0386984, 0.0452608, -0.0154094, -0.0247867, 0.00113573, -0.01138], \n",
      " [-0.0399299, 0.833879, -1.05967, -0.235185, 0.276193, 0.222839, 0, 0, 0, 0, 0, 0, 0, 0, 0, 0, 0, 0, 0, 0, 0, 0, 0, 0.0452608, 0.464127, -0.0434491, -0.139416, 0.00779092, -0.0136006], \n",
      " [0.0281148, -0.188254, -0.00766326, 0.0349821, 0.00647949, -0.0621812, 0, 0, 0, 0, 0, 0, 0, 0, 0, 0, 0, 0, 0, 0, 0, 0, 0, -0.0154094, -0.0434491, 0.0301931, 0.00342264, 0.000258897, 0.0135653], \n",
      " [-0.152335, -0.0671631, 0.360533, 0.0670329, -0.141976, 0.00252487, 0, 0, 0, 0, 0, 0, 0, 0, 0, 0, 0, 0, 0, 0, 0, 0, 0, -0.0247867, -0.139416, 0.00342264, 0.0818858, -0.0129329, 0.0028957], \n",
      " [0.0308858, 0.00293805, 0.0119698, -0.000139085, 0.0123131, -0.00303803, 0, 0, 0, 0, 0, 0, 0, 0, 0, 0, 0, 0, 0, 0, 0, 0, 0, 0.00113573, 0.00779092, 0.000258897, -0.0129329, 0.0132255, 0.0004781], \n",
      " [0.011377, -0.0258128, 0.0171265, 0.0165926, -0.0021013, -0.0142636, 0, 0, 0, 0, 0, 0, 0, 0, 0, 0, 0, 0, 0, 0, 0, 0, 0, -0.01138, -0.0136006, 0.0135653, 0.0028957, 0.0004781, 0.0120268]]\n"
     ]
    }
   ],
   "source": [
    "M = kinDyn.mass_matrix_fun()\n",
    "print('Mass matrix:\\n', SX2DM(M(H_b, s)))"
   ]
  },
  {
   "cell_type": "markdown",
   "metadata": {},
   "source": [
    "## Centroidal Momentum Matrix"
   ]
  },
  {
   "cell_type": "code",
   "execution_count": 42,
   "metadata": {},
   "outputs": [
    {
     "name": "stdout",
     "output_type": "stream",
     "text": [
      "Centroidal Momentum Matrix:\n",
      " \n",
      "[[33.0617, 2.85311e-07, -3.0192e-08, 3.29406e-08, 0.999057, -0.864711, 0.0535898, -0.0169137, 0.0825016, -0.0788439, -0.28152, -0.0121558, 0.0923812, -0.159227, -0.0042376, -0.00686455, 0.0881238, -0.0326767, -0.312375, -0.0549563, -0.214545, -0.020929, -0.00616762, 0.0254527, -0.0399299, 0.0281148, -0.152335, 0.0308858, 0.011377], \n",
      " [2.85311e-07, 33.0617, 1.82187e-07, -0.999057, -3.28988e-08, 0.202969, 0.0950099, -2.28613, 0.109644, -0.0568141, 0.220653, -0.0087007, -0.0520424, 0.0591758, -0.0465633, 0.00335792, -0.04928, 0.0953683, -0.287698, -0.0484828, -0.327521, 0.033458, -0.00363972, -0.0639958, 0.833879, -0.188254, -0.0671631, 0.00293805, -0.0258128], \n",
      " [-3.0192e-08, 1.82187e-07, 33.0617, 0.864711, -0.202969, -4.18013e-11, -0.417513, -0.466451, -0.867766, 0.0433019, -0.182652, 0.00643743, 0.0240099, 0.00838321, 0.397336, -0.00689165, -0.0402375, 0.255955, 1.26058, 0.22429, -0.126559, 0.00241981, 0.0322141, -0.199278, -1.05967, -0.00766326, 0.360533, 0.0119698, 0.0171265], \n",
      " [7.52925e-08, -1.98388e-09, -5.09248e-08, 0.747816, -0.234392, -0.362352, 0.452564, -0.163627, 0.439656, -0.035842, 0.141726, -0.00324773, -0.0413236, -0.0205568, -0.100875, 0.0144822, 0.0174458, -0.0403173, 0.0327124, -0.0141543, 0.04394, -0.00682025, 0.00900766, -0.0501426, -0.182272, 0.0294938, 0.0555738, -0.000363367, 0.0153646], \n",
      " [-1.6963e-08, -7.33007e-08, 9.50959e-09, -0.234392, 1.75886, -0.158898, -0.0628773, -0.213396, -0.281992, 0.00326323, 0.0864906, -0.0195041, -0.0512814, -0.047232, 0.0924727, 0.0371564, -0.0158795, -0.110564, -0.519969, -0.100389, 0.0336564, -0.00622693, -0.0205368, 0.0493875, 0.270894, 0.00558288, -0.135159, 0.0114533, -0.00233995], \n",
      " [-5.01125e-08, 1.36085e-08, -1.99172e-09, -0.362352, -0.158898, 1.72836, 0.0252088, 0.692, 0.0214614, -0.0605908, -0.113978, -0.034097, 0.0473732, -0.064444, 0.00966532, 0.00229548, 0.0573783, 0.0274398, -0.110178, -0.0261364, -0.161834, 0.0266422, -0.000556171, -0.0107715, 0.216675, -0.0602902, -0.00104706, -0.00224827, -0.0138076]]\n"
     ]
    }
   ],
   "source": [
    "Jcm = kinDyn.centroidal_momentum_matrix_fun()\n",
    "print('Centroidal Momentum Matrix:\\n', SX2DM(Jcm(H_b, s)))"
   ]
  },
  {
   "cell_type": "markdown",
   "metadata": {},
   "source": [
    "## Center of mass position"
   ]
  },
  {
   "cell_type": "code",
   "execution_count": 43,
   "metadata": {},
   "outputs": [
    {
     "name": "stdout",
     "output_type": "stream",
     "text": [
      "Center of Mass position:\n",
      " [2.07537, 0.61289, 2.37842]\n"
     ]
    }
   ],
   "source": [
    "CoM = kinDyn.CoM_position_fun()\n",
    "print('Center of Mass position:\\n', SX2DM(CoM(H_b, s)))"
   ]
  },
  {
   "cell_type": "markdown",
   "metadata": {},
   "source": [
    "## Total Mass"
   ]
  },
  {
   "cell_type": "code",
   "execution_count": 44,
   "metadata": {},
   "outputs": [
    {
     "name": "stdout",
     "output_type": "stream",
     "text": [
      "Total mass:\n",
      " 33.06167270000001\n"
     ]
    }
   ],
   "source": [
    "print('Total mass:\\n', kinDyn.get_total_mass())"
   ]
  },
  {
   "cell_type": "markdown",
   "metadata": {},
   "source": [
    "## Jacobian"
   ]
  },
  {
   "cell_type": "code",
   "execution_count": 45,
   "metadata": {},
   "outputs": [
    {
     "name": "stdout",
     "output_type": "stream",
     "text": [
      "Jacobian of the left sole:\n",
      " \n",
      "[[1, 0, 0, 0, 0.146536, -0.0261233, 0, 0, 0, 0, 0, 0, 0, 0, 0, 0, 0, -0.00930156, -0.0859888, -0.0155827, -0.0616124, -0.0568418, -0.0104069, 0, 0, 0, 0, 0, 0], \n",
      " [0, 1, 0, -0.146536, 0, 0.470805, 0, 0, 0, 0, 0, 0, 0, 0, 0, 0, 0, 0.0191239, -0.0904464, -0.02585, -0.176242, 0.0271264, -0.00348926, 0, 0, 0, 0, 0, 0], \n",
      " [0, 0, 1, 0.0261233, -0.470805, 0, 0, 0, 0, 0, 0, 0, 0, 0, 0, 0, 0, 0.0727868, 0.397803, 0.0622921, -0.0548982, -0.00781788, 0.0635592, 0, 0, 0, 0, 0, 0], \n",
      " [0, 0, 0, 1, 0, 0, 0, 0, 0, 0, 0, 0, 0, 0, 0, 0, 0, -0.991895, 0.026569, -0.972204, 0.232683, -0.232683, 0.895624, 0, 0, 0, 0, 0, 0], \n",
      " [0, 0, 0, 0, 1, 0, 0, 0, 0, 0, 0, 0, 0, 0, 0, 0, 0, 0.00113844, -0.975996, 0.0250923, 0.214163, -0.214163, -0.427415, 0, 0, 0, 0, 0, 0], \n",
      " [0, 0, 0, 0, 0, 1, 0, 0, 0, 0, 0, 0, 0, 0, 0, 0, 0, -0.127055, -0.216164, -0.232789, -0.948679, 0.948679, 0.123182, 0, 0, 0, 0, 0, 0]]\n"
     ]
    }
   ],
   "source": [
    "J = kinDyn.jacobian_fun('l_sole')\n",
    "print('Jacobian of the left sole:\\n', SX2DM(J(H_b, s)))"
   ]
  },
  {
   "cell_type": "markdown",
   "metadata": {},
   "source": [
    "## Relative jacobian"
   ]
  },
  {
   "cell_type": "code",
   "execution_count": 46,
   "metadata": {},
   "outputs": [
    {
     "name": "stdout",
     "output_type": "stream",
     "text": [
      "Jacobian between the root link and left sole:\n",
      " \n",
      "[[0, 0, 0, 0, 0, 0, 0, 0, 0, 0, 0, 0.0535261, 0.395336, 0.0680691, 0.0492926, -0.0141903, 0.057236, 0, 0, 0, 0, 0, 0], \n",
      " [0, 0, 0, 0, 0, 0, 0, 0, 0, 0, 0, -1.10823e-14, 0.0346459, 0.0075124, 0.0678875, 0.0574052, 0.00224309, 0, 0, 0, 0, 0, 0], \n",
      " [0, 0, 0, 0, 0, 0, 0, 0, 0, 0, 0, -0.0537133, -0.127792, -0.0100749, 0.175593, -0.0230482, -0.0296523, 0, 0, 0, 0, 0, 0], \n",
      " [0, 0, 0, 0, 0, 0, 0, 0, 0, 0, 0, 2.07045e-13, 0.307579, -0.104686, -0.945058, 0.945058, 0.223589, 0, 0, 0, 0, 0, 0], \n",
      " [0, 0, 0, 0, 0, 0, 0, 0, 0, 0, 0, 1, -6.39048e-14, 0.993929, -0.110019, 0.110019, -0.904502, 0, 0, 0, 0, 0, 0], \n",
      " [0, 0, 0, 0, 0, 0, 0, 0, 0, 0, 0, 0, 0.951522, 0.0338396, 0.307833, -0.307833, 0.363157, 0, 0, 0, 0, 0, 0]]\n"
     ]
    }
   ],
   "source": [
    "J_r = kinDyn.relative_jacobian_fun('l_sole')\n",
    "print('Jacobian between the root link and left sole:\\n', SX2DM(J_r(s)))"
   ]
  },
  {
   "cell_type": "markdown",
   "metadata": {},
   "source": [
    "## Forward kinematics"
   ]
  },
  {
   "cell_type": "code",
   "execution_count": 47,
   "metadata": {},
   "outputs": [
    {
     "name": "stdout",
     "output_type": "stream",
     "text": [
      "Forward kinematics to the left sole:\n",
      " \n",
      "[[0.895624, -0.161348, -0.414517, 2.54004], \n",
      " [-0.427415, -0.054097, -0.902435, 0.612858], \n",
      " [0.123182, 0.985414, -0.117413, 2.49474], \n",
      " [0, 0, 0, 1]]\n"
     ]
    }
   ],
   "source": [
    "H = kinDyn.forward_kinematics_fun('l_sole')\n",
    "print('Forward kinematics to the left sole:\\n', SX2DM(H(H_b, s)))"
   ]
  }
 ],
 "metadata": {
  "kernelspec": {
   "display_name": "Python 3.8.5 64-bit ('base': conda)",
   "name": "python385jvsc74a57bd01aaa65760776477b200513a4708dfe8112d71af684253b4518b287658553a52c"
  },
  "language_info": {
   "codemirror_mode": {
    "name": "ipython",
    "version": 3
   },
   "file_extension": ".py",
   "mimetype": "text/x-python",
   "name": "python",
   "nbconvert_exporter": "python",
   "pygments_lexer": "ipython3",
   "version": "3.8.5"
  },
  "metadata": {
   "interpreter": {
    "hash": "1aaa65760776477b200513a4708dfe8112d71af684253b4518b287658553a52c"
   }
  },
  "orig_nbformat": 3
 },
 "nbformat": 4,
 "nbformat_minor": 2
}