{
 "cells": [
  {
   "cell_type": "code",
   "execution_count": 1,
   "metadata": {},
   "outputs": [],
   "source": [
    "from adam.core.computations import KinDynComputations\n",
    "from adam.geometry import utils\n",
    "import numpy as np\n",
    "import casadi as cs\n",
    "import gym_ignition_models"
   ]
  },
  {
   "cell_type": "code",
   "execution_count": 2,
   "metadata": {},
   "outputs": [],
   "source": [
    "def SX2DM(sx):\n",
    "    return cs.DM(sx)"
   ]
  },
  {
   "cell_type": "markdown",
   "metadata": {},
   "source": [
    "## Import the robot .urdf"
   ]
  },
  {
   "cell_type": "code",
   "execution_count": 3,
   "metadata": {},
   "outputs": [],
   "source": [
    "urdf_path = gym_ignition_models.get_model_file(\"iCubGazeboV2_5\")\n",
    "# The joint list\n",
    "joints_name_list = [\n",
    "    'torso_pitch', 'torso_roll', 'torso_yaw', 'l_shoulder_pitch',\n",
    "    'l_shoulder_roll', 'l_shoulder_yaw', 'l_elbow', 'r_shoulder_pitch',\n",
    "    'r_shoulder_roll', 'r_shoulder_yaw', 'r_elbow', 'l_hip_pitch', 'l_hip_roll',\n",
    "    'l_hip_yaw', 'l_knee', 'l_ankle_pitch', 'l_ankle_roll', 'r_hip_pitch',\n",
    "    'r_hip_roll', 'r_hip_yaw', 'r_knee', 'r_ankle_pitch', 'r_ankle_roll'\n",
    "]\n",
    "# Specify the root link\n",
    "root_link = 'root_link'\n",
    "kinDyn = KinDynComputations(urdf_path, joints_name_list, root_link)"
   ]
  },
  {
   "cell_type": "markdown",
   "metadata": {},
   "source": [
    "The class `KinDynComputations` contains some algorithms for computing kinematics and dynamics quantities."
   ]
  },
  {
   "cell_type": "code",
   "execution_count": 4,
   "metadata": {},
   "outputs": [],
   "source": [
    "# Set joints and base informations\n",
    "xyz = (np.random.rand(3) - 0.5) * 5\n",
    "rpy = (np.random.rand(3) - 0.5) * 5\n",
    "H_b = utils.H_from_Pos_RPY(xyz, rpy)\n",
    "v_b = (np.random.rand(6) - 0.5) * 5\n",
    "s = (np.random.rand(len(joints_name_list)) - 0.5) * 5\n",
    "s_dot = (np.random.rand(len(joints_name_list)) - 0.5) * 5"
   ]
  },
  {
   "cell_type": "markdown",
   "metadata": {},
   "source": [
    "## Mass Matrix"
   ]
  },
  {
   "cell_type": "code",
   "execution_count": 5,
   "metadata": {},
   "outputs": [
    {
     "name": "stdout",
     "output_type": "stream",
     "text": [
      "Mass matrix:\n",
      " \n",
      "[[33.0617, 2.28691e-07, 4.64414e-08, 1.91864e-08, 1.17626, -0.550162, 0.26465, -1.48909, -0.284329, -0.0502791, -0.164256, 0.0548575, 0.0625638, -0.320541, -0.000716575, 0.0285347, 0.0912435, 0.0601108, 0.656238, -0.0591984, -0.417051, 0.031783, 0.0210659, 0.0568324, -0.295101, 0.0465689, 0.0750116, -0.00215037, -0.00356044], \n",
      " [2.28691e-07, 33.0617, 8.71234e-07, -1.17626, 3.60927e-08, -4.24647, -0.910273, -0.805786, -0.506435, -0.0848367, 0.140841, -0.0480973, 0.088712, -0.0652319, 0.327681, 0.0569235, -0.0538209, -0.546001, 0.84218, 0.160532, -0.084227, -0.00875821, -0.00185072, -0.196445, 0.887438, -0.163139, 0.172368, -0.00871438, -0.0134043], \n",
      " [4.64414e-08, 8.71234e-07, 33.0617, 0.550162, 4.24647, -5.52791e-08, -0.541992, -1.57742, -0.527804, 0.125724, -0.276621, 0.0941498, 0.00592789, 0.141588, 0.132893, 0.00768764, 0.0243166, -0.849719, -0.568966, 0.349586, -0.0255159, 0.00957809, -0.0253345, -0.118464, -1.01034, -0.0930266, -0.37455, 0.0202304, 0.029945], \n",
      " [1.91864e-08, -1.17626, 0.550162, 1.14406, 0.130466, 0.0810979, 0.534378, 0.374578, 0.419179, -0.0676355, 0.137279, -0.0424304, 0.0265804, 0.0218825, -0.131052, -0.0456394, 0.0340168, -0.331083, -0.0651707, 0.156681, -0.0219732, 0.00436947, -0.0151947, -0.0174252, -0.0126776, -0.00898101, 0.00717415, -0.00341841, 0.0103241], \n",
      " [1.17626, 3.60927e-08, 4.24647, 0.130466, 1.71563, 0.102053, 0.129008, -0.647727, 0.0793678, -0.0346071, -0.00413652, -0.040905, -0.0216284, -0.145132, -0.00946006, 0.0270463, 0.0594184, -0.196685, -0.204945, 0.0876638, 0.0543956, -0.00751384, -0.000616227, -0.0674276, -0.462107, -0.0522278, -0.198564, 0.0215205, 0.0185383], \n",
      " [-0.550162, -4.24647, -5.52791e-08, 0.0810979, 0.102053, 1.9806, 0.000482437, 0.0858252, -0.232286, -0.0461449, -0.0839002, 0.00375771, 0.0412351, -0.0146346, 0.0170875, -0.0306773, 0.00433105, 0.104409, -0.394652, -0.0132186, 0.174171, -0.020938, -0.0126399, 0.0989781, -0.402047, 0.0827573, -0.0898944, 0.00887093, 0.00948339], \n",
      " [0.26465, -0.910273, -0.541992, 0.534378, 0.129008, 0.000482437, 0.535717, 0.0892034, 0.452169, -0.0666138, 0.138341, -0.0544717, 0.00924662, -0.0308943, -0.126175, -0.0264834, 0.0522059, 0, 0, 0, 0, 0, 0, 0, 0, 0, 0, 0, 0], \n",
      " [-1.48909, -0.805786, -1.57742, 0.374578, -0.647727, 0.0858252, 0.0892034, 0.791762, 0.0776901, 0.00392853, 0.050145, 0.0208701, 0.0314763, 0.150869, -0.0435502, -0.0470646, -0.0426919, 0, 0, 0, 0, 0, 0, 0, 0, 0, 0, 0, 0], \n",
      " [-0.284329, -0.506435, -0.527804, 0.419179, 0.0793678, -0.232286, 0.452169, 0.0776901, 0.487182, -0.0274616, 0.148392, -0.041979, -0.0135624, -0.0107439, -0.118875, -0.00912228, 0.0389202, 0, 0, 0, 0, 0, 0, 0, 0, 0, 0, 0, 0], \n",
      " [-0.0502791, -0.0848367, 0.125724, -0.0676355, -0.0346071, -0.0461449, -0.0666138, 0.00392853, -0.0274616, 0.0825542, -0.0244001, 0.0535385, -0.0181169, 0, 0, 0, 0, 0, 0, 0, 0, 0, 0, 0, 0, 0, 0, 0, 0], \n",
      " [-0.164256, 0.140841, -0.276621, 0.137279, -0.00413652, -0.0839002, 0.138341, 0.050145, 0.148392, -0.0244001, 0.113158, -0.025814, 0.00113469, 0, 0, 0, 0, 0, 0, 0, 0, 0, 0, 0, 0, 0, 0, 0, 0], \n",
      " [0.0548575, -0.0480973, 0.0941498, -0.0424304, -0.040905, 0.00375771, -0.0544717, 0.0208701, -0.041979, 0.0535385, -0.025814, 0.0562748, -0.00032249, 0, 0, 0, 0, 0, 0, 0, 0, 0, 0, 0, 0, 0, 0, 0, 0], \n",
      " [0.0625638, 0.088712, 0.00592789, 0.0265804, -0.0216284, 0.0412351, 0.00924662, 0.0314763, -0.0135624, -0.0181169, 0.00113469, -0.00032249, 0.0464212, 0, 0, 0, 0, 0, 0, 0, 0, 0, 0, 0, 0, 0, 0, 0, 0], \n",
      " [-0.320541, -0.0652319, 0.141588, 0.0218825, -0.145132, -0.0146346, -0.0308943, 0.150869, -0.0107439, 0, 0, 0, 0, 0.132512, 0.000352882, -0.0181647, -0.0446767, 0, 0, 0, 0, 0, 0, 0, 0, 0, 0, 0, 0], \n",
      " [-0.000716575, 0.327681, 0.132893, -0.131052, -0.00946006, 0.0170875, -0.126175, -0.0435502, -0.118875, 0, 0, 0, 0, 0.000352882, 0.11762, 0.0151935, -0.0297184, 0, 0, 0, 0, 0, 0, 0, 0, 0, 0, 0, 0], \n",
      " [0.0285347, 0.0569235, 0.00768764, -0.0456394, 0.0270463, -0.0306773, -0.0264834, -0.0470646, -0.00912228, 0, 0, 0, 0, -0.0181647, 0.0151935, 0.0487067, -0.000496099, 0, 0, 0, 0, 0, 0, 0, 0, 0, 0, 0, 0], \n",
      " [0.0912435, -0.0538209, 0.0243166, 0.0340168, 0.0594184, 0.00433105, 0.0522059, -0.0426919, 0.0389202, 0, 0, 0, 0, -0.0446767, -0.0297184, -0.000496099, 0.0464232, 0, 0, 0, 0, 0, 0, 0, 0, 0, 0, 0, 0], \n",
      " [0.0601108, -0.546001, -0.849719, -0.331083, -0.196685, 0.104409, 0, 0, 0, 0, 0, 0, 0, 0, 0, 0, 0, 0.297217, 0.011871, -0.138865, 0.0173488, -0.00288812, 0.00948076, 0, 0, 0, 0, 0, 0], \n",
      " [0.656238, 0.84218, -0.568966, -0.0651707, -0.204945, -0.394652, 0, 0, 0, 0, 0, 0, 0, 0, 0, 0, 0, 0.011871, 0.38844, -0.027852, -0.128468, 0.017676, 0.00724707, 0, 0, 0, 0, 0, 0], \n",
      " [-0.0591984, 0.160532, 0.349586, 0.156681, 0.0876638, -0.0132186, 0, 0, 0, 0, 0, 0, 0, 0, 0, 0, 0, -0.138865, -0.027852, 0.0852283, 0.00133595, 0.000228755, -0.0133155, 0, 0, 0, 0, 0, 0], \n",
      " [-0.417051, -0.084227, -0.0255159, -0.0219732, 0.0543956, 0.174171, 0, 0, 0, 0, 0, 0, 0, 0, 0, 0, 0, 0.0173488, -0.128468, 0.00133595, 0.0942372, -0.019199, -0.00425211, 0, 0, 0, 0, 0, 0], \n",
      " [0.031783, -0.00875821, 0.00957809, 0.00436947, -0.00751384, -0.020938, 0, 0, 0, 0, 0, 0, 0, 0, 0, 0, 0, -0.00288812, 0.017676, 0.000228755, -0.019199, 0.0133305, 0.000445334, 0, 0, 0, 0, 0, 0], \n",
      " [0.0210659, -0.00185072, -0.0253345, -0.0151947, -0.000616227, -0.0126399, 0, 0, 0, 0, 0, 0, 0, 0, 0, 0, 0, 0.00948076, 0.00724707, -0.0133155, -0.00425211, 0.000445334, 0.0120266, 0, 0, 0, 0, 0, 0], \n",
      " [0.0568324, -0.196445, -0.118464, -0.0174252, -0.0674276, 0.0989781, 0, 0, 0, 0, 0, 0, 0, 0, 0, 0, 0, 0, 0, 0, 0, 0, 0, 0.0461843, -0.0178025, 0.032661, 0.00798468, -0.000901338, -0.0111255], \n",
      " [-0.295101, 0.887438, -1.01034, -0.0126776, -0.462107, -0.402047, 0, 0, 0, 0, 0, 0, 0, 0, 0, 0, 0, 0, 0, 0, 0, 0, 0, -0.0178025, 0.490164, -0.0166176, 0.166428, -0.0200621, -0.0151343], \n",
      " [0.0465689, -0.163139, -0.0930266, -0.00898101, -0.0522278, 0.0827573, 0, 0, 0, 0, 0, 0, 0, 0, 0, 0, 0, 0, 0, 0, 0, 0, 0, 0.032661, -0.0166176, 0.030285, 0.00626641, -0.000668261, -0.0111207], \n",
      " [0.0750116, 0.172368, -0.37455, 0.00717415, -0.198564, -0.0898944, 0, 0, 0, 0, 0, 0, 0, 0, 0, 0, 0, 0, 0, 0, 0, 0, 0, 0.00798468, 0.166428, 0.00626641, 0.0904122, -0.0167458, -0.00728202], \n",
      " [-0.00215037, -0.00871438, 0.0202304, -0.00341841, 0.0215205, 0.00887093, 0, 0, 0, 0, 0, 0, 0, 0, 0, 0, 0, 0, 0, 0, 0, 0, 0, -0.000901338, -0.0200621, -0.000668261, -0.0167458, 0.0123248, 0.00068288], \n",
      " [-0.00356044, -0.0134043, 0.029945, 0.0103241, 0.0185383, 0.00948339, 0, 0, 0, 0, 0, 0, 0, 0, 0, 0, 0, 0, 0, 0, 0, 0, 0, -0.0111255, -0.0151343, -0.0111207, -0.00728202, 0.00068288, 0.0120268]]\n"
     ]
    }
   ],
   "source": [
    "M = kinDyn.mass_matrix_fun()\n",
    "print('Mass matrix:\\n', SX2DM(M(H_b, s)))"
   ]
  },
  {
   "cell_type": "markdown",
   "metadata": {},
   "source": [
    "## Centroidal Momentum Matrix"
   ]
  },
  {
   "cell_type": "code",
   "execution_count": 6,
   "metadata": {},
   "outputs": [
    {
     "name": "stdout",
     "output_type": "stream",
     "text": [
      "Centroidal Momentum Matrix:\n",
      " \n",
      "[[33.0617, 2.28691e-07, 4.64414e-08, 1.91864e-08, 1.17626, -0.550162, 0.26465, -1.48909, -0.284329, -0.0502791, -0.164256, 0.0548575, 0.0625638, -0.320541, -0.000716575, 0.0285347, 0.0912435, 0.0601108, 0.656238, -0.0591984, -0.417051, 0.031783, 0.0210659, 0.0568324, -0.295101, 0.0465689, 0.0750116, -0.00215037, -0.00356044], \n",
      " [2.28691e-07, 33.0617, 8.71234e-07, -1.17626, 3.60927e-08, -4.24647, -0.910273, -0.805786, -0.506435, -0.0848367, 0.140841, -0.0480973, 0.088712, -0.0652319, 0.327681, 0.0569235, -0.0538209, -0.546001, 0.84218, 0.160532, -0.084227, -0.00875821, -0.00185072, -0.196445, 0.887438, -0.163139, 0.172368, -0.00871438, -0.0134043], \n",
      " [4.64414e-08, 8.71234e-07, 33.0617, 0.550162, 4.24647, -5.52791e-08, -0.541992, -1.57742, -0.527804, 0.125724, -0.276621, 0.0941498, 0.00592789, 0.141588, 0.132893, 0.00768764, 0.0243166, -0.849719, -0.568966, 0.349586, -0.0255159, 0.00957809, -0.0253345, -0.118464, -1.01034, -0.0930266, -0.37455, 0.0202304, 0.029945], \n",
      " [4.57362e-08, -3.94456e-10, 4.117e-08, 1.09305, 0.0598023, -0.0699816, 0.511012, 0.372159, 0.409944, -0.0727459, 0.146893, -0.0457083, 0.0296379, 0.0172056, -0.121605, -0.0437422, 0.0316973, -0.336368, -0.0257401, 0.156576, -0.0245452, 0.00389849, -0.014839, -0.022443, 0.0357079, -0.0132371, 0.0195393, -0.00406509, 0.00934889], \n",
      " [-1.63507e-08, -4.7853e-08, -2.85918e-08, 0.0598023, 1.12836, 0.121626, 0.189206, -0.392143, 0.157275, -0.0489665, 0.0372368, -0.0549494, -0.0246156, -0.151914, -0.0265035, 0.0250437, 0.0530489, -0.0896852, -0.155214, 0.0448687, 0.0725106, -0.00987482, 0.00188829, -0.0542339, -0.321839, -0.0419362, -0.153125, 0.0189986, 0.0148188], \n",
      " [3.42597e-08, 1.00541e-07, 2.11678e-09, -0.0699816, 0.121626, 1.42602, -0.11203, -0.0424499, -0.302064, -0.057878, -0.0685438, -0.00150711, 0.0536705, -0.028347, 0.0591632, -0.0228912, -0.00106342, 0.0352799, -0.275561, 0.00641525, 0.156413, -0.021534, -0.012527, 0.0746922, -0.292974, 0.0625785, -0.0665071, 0.00771587, 0.00770248]]\n"
     ]
    }
   ],
   "source": [
    "Jcm = kinDyn.centroidal_momentum_matrix_fun()\n",
    "print('Centroidal Momentum Matrix:\\n', SX2DM(Jcm(H_b, s)))"
   ]
  },
  {
   "cell_type": "markdown",
   "metadata": {},
   "source": [
    "## Center of mass position"
   ]
  },
  {
   "cell_type": "code",
   "execution_count": 7,
   "metadata": {},
   "outputs": [
    {
     "name": "stdout",
     "output_type": "stream",
     "text": [
      "Center of Mass position:\n",
      " [1.47411, 1.25307, 0.113126]\n"
     ]
    }
   ],
   "source": [
    "CoM = kinDyn.CoM_position_fun()\n",
    "print('Center of Mass position:\\n', SX2DM(CoM(H_b, s)))"
   ]
  },
  {
   "cell_type": "markdown",
   "metadata": {},
   "source": [
    "## Total Mass"
   ]
  },
  {
   "cell_type": "code",
   "execution_count": 8,
   "metadata": {},
   "outputs": [
    {
     "name": "stdout",
     "output_type": "stream",
     "text": [
      "Total mass:\n",
      " 33.06167270000001\n"
     ]
    }
   ],
   "source": [
    "print('Total mass:\\n', kinDyn.get_total_mass())"
   ]
  },
  {
   "cell_type": "markdown",
   "metadata": {},
   "source": [
    "## Jacobian"
   ]
  },
  {
   "cell_type": "code",
   "execution_count": 9,
   "metadata": {},
   "outputs": [
    {
     "name": "stdout",
     "output_type": "stream",
     "text": [
      "Jacobian of the left sole:\n",
      " \n",
      "[[1, 0, 0, 0, -0.112928, -0.388064, 0, 0, 0, 0, 0, 0, 0, 0, 0, 0, 0, -0.000980934, 0.267153, -0.0407547, -0.21837, 0.0234838, 0.04351, 0, 0, 0, 0, 0, 0], \n",
      " [0, 1, 0, 0.112928, 0, -0.205269, 0, 0, 0, 0, 0, 0, 0, 0, 0, 0, 0, -0.143527, 0.189935, 0.0586375, -0.0098288, -0.03653, -0.000953662, 0, 0, 0, 0, 0, 0], \n",
      " [0, 0, 1, 0.388064, 0.205269, 0, 0, 0, 0, 0, 0, 0, 0, 0, 0, 0, 0, -0.31263, -0.113725, 0.207951, -0.0305983, 0.0221956, -0.0476048, 0, 0, 0, 0, 0, 0], \n",
      " [0, 0, 0, 1, 0, 0, 0, 0, 0, 0, 0, 0, 0, 0, 0, 0, 0, -0.913824, 0.0965318, 0.962509, -0.143891, 0.143891, -0.481515, 0, 0, 0, 0, 0, 0], \n",
      " [0, 0, 0, 0, 1, 0, 0, 0, 0, 0, 0, 0, 0, 0, 0, 0, 0, -0.367979, -0.607745, -0.144695, 0.444657, -0.444657, 0.749016, 0, 0, 0, 0, 0, 0], \n",
      " [0, 0, 0, 0, 0, 1, 0, 0, 0, 0, 0, 0, 0, 0, 0, 0, 0, 0.171805, -0.788243, 0.229435, 0.884068, -0.884068, -0.455102, 0, 0, 0, 0, 0, 0]]\n"
     ]
    }
   ],
   "source": [
    "J = kinDyn.jacobian_fun('l_sole')\n",
    "print('Jacobian of the left sole:\\n', SX2DM(J(H_b, s)))"
   ]
  },
  {
   "cell_type": "markdown",
   "metadata": {},
   "source": [
    "## Relative jacobian"
   ]
  },
  {
   "cell_type": "code",
   "execution_count": 10,
   "metadata": {},
   "outputs": [
    {
     "name": "stdout",
     "output_type": "stream",
     "text": [
      "Jacobian between the root link and left sole:\n",
      " \n",
      "[[0, 0, 0, 0, 0, 0, 0, 0, 0, 0, 0, -0.30871, -0.0617981, 0.197532, -0.0698497, 0.0258087, -0.0389108, 0, 0, 0, 0, 0, 0], \n",
      " [0, 0, 0, 0, 0, 0, 0, 0, 0, 0, 0, 6.3917e-14, -0.333562, 0.0513923, 0.197911, -0.00420451, -0.0475883, 0, 0, 0, 0, 0, 0], \n",
      " [0, 0, 0, 0, 0, 0, 0, 0, 0, 0, 0, 0.151778, -0.0727818, -0.0817492, -0.0683396, 0.0411681, 0.0195333, 0, 0, 0, 0, 0, 0], \n",
      " [0, 0, 0, 0, 0, 0, 0, 0, 0, 0, 0, 2.07045e-13, -0.762282, 0.399401, 0.846632, -0.846632, -0.529184, 0, 0, 0, 0, 0, 0], \n",
      " [0, 0, 0, 0, 0, 0, 0, 0, 0, 0, 0, 1, 1.57605e-13, -0.786901, 0.119754, -0.119754, 0.0862099, 0, 0, 0, 0, 0, 0], \n",
      " [0, 0, 0, 0, 0, 0, 0, 0, 0, 0, 0, 0, 0.647245, 0.470388, -0.51853, 0.51853, -0.844116, 0, 0, 0, 0, 0, 0]]\n"
     ]
    }
   ],
   "source": [
    "J_r = kinDyn.relative_jacobian_fun('l_sole')\n",
    "print('Jacobian between the root link and left sole:\\n', SX2DM(J_r(s)))"
   ]
  },
  {
   "cell_type": "markdown",
   "metadata": {},
   "source": [
    "## Forward kinematics"
   ]
  },
  {
   "cell_type": "code",
   "execution_count": 11,
   "metadata": {},
   "outputs": [
    {
     "name": "stdout",
     "output_type": "stream",
     "text": [
      "Forward kinematics to the left sole:\n",
      " \n",
      "[[-0.481515, 0.674574, -0.559548, 1.39728], \n",
      " [0.749016, -0.0147855, -0.662387, 1.62449], \n",
      " [-0.455102, -0.73806, -0.498147, -0.0353797], \n",
      " [0, 0, 0, 1]]\n"
     ]
    }
   ],
   "source": [
    "H = kinDyn.forward_kinematics_fun('l_sole')\n",
    "print('Forward kinematics to the left sole:\\n', SX2DM(H(H_b, s)))"
   ]
  },
  {
   "cell_type": "markdown",
   "metadata": {},
   "source": [
    "## Bias force term"
   ]
  },
  {
   "cell_type": "code",
   "execution_count": 12,
   "metadata": {},
   "outputs": [
    {
     "name": "stdout",
     "output_type": "stream",
     "text": [
      "Bias force term:\n",
      " [30.7609, -15.2925, 323.327, 4.94999, 40.9897, 0.807973, -5.60031, -15.5874, -6.26248, 1.18756, -3.27519, 1.05871, 0.211876, 0.871655, 1.1755, -0.0513402, 0.34615, -7.13111, -6.12799, 2.67511, -1.79936, 0.432304, 0.0539132, -1.00286, -10.2397, -0.768392, -3.23535, 0.168368, 0.294273]\n"
     ]
    }
   ],
   "source": [
    "h = kinDyn.bias_force_fun()\n",
    "print('Bias force term:\\n', SX2DM(h(H_b, s, v_b, s_dot)))"
   ]
  },
  {
   "cell_type": "markdown",
   "metadata": {},
   "source": [
    "## Coriolis term"
   ]
  },
  {
   "cell_type": "code",
   "execution_count": 13,
   "metadata": {},
   "outputs": [
    {
     "name": "stdout",
     "output_type": "stream",
     "text": [
      "Coriolis force term:\n",
      " [30.7609, -15.2926, -1.00813, -0.447096, -0.668199, 0.807974, -0.28337, -0.112844, -1.08472, -0.0457925, -0.561536, 0.135104, 0.153723, -0.517327, -0.128183, -0.126756, 0.107604, 1.20464, -0.546435, -0.754326, -1.54905, 0.338343, 0.302445, 0.159277, -0.328297, 0.144198, 0.438985, -0.0300923, 0.000512768]\n"
     ]
    }
   ],
   "source": [
    "C = kinDyn.coriolis_term_fun()\n",
    "print('Coriolis force term:\\n', SX2DM(C(H_b, s, v_b, s_dot)))"
   ]
  },
  {
   "cell_type": "markdown",
   "metadata": {},
   "source": [
    "## Gravity term"
   ]
  },
  {
   "cell_type": "code",
   "execution_count": 14,
   "metadata": {},
   "outputs": [
    {
     "name": "stdout",
     "output_type": "stream",
     "text": [
      "Gravity term:\n",
      " [4.5559e-07, 8.54681e-06, 324.335, 5.39709, 41.6579, -5.42288e-07, -5.31694, -15.4745, -5.17776, 1.23336, -2.71365, 0.923609, 0.0581526, 1.38898, 1.30368, 0.0754157, 0.238546, -8.33575, -5.58156, 3.42944, -0.250311, 0.093961, -0.248532, -1.16213, -9.91145, -0.912591, -3.67433, 0.198461, 0.293761]\n"
     ]
    }
   ],
   "source": [
    "G = kinDyn.gravity_term_fun()\n",
    "print('Gravity term:\\n', SX2DM(G(H_b, s)))"
   ]
  }
 ],
 "metadata": {
  "kernelspec": {
   "display_name": "Python 3.8.5 64-bit ('base': conda)",
   "name": "python385jvsc74a57bd01aaa65760776477b200513a4708dfe8112d71af684253b4518b287658553a52c"
  },
  "language_info": {
   "codemirror_mode": {
    "name": "ipython",
    "version": 3
   },
   "file_extension": ".py",
   "mimetype": "text/x-python",
   "name": "python",
   "nbconvert_exporter": "python",
   "pygments_lexer": "ipython3",
   "version": "3.8.5"
  },
  "metadata": {
   "interpreter": {
    "hash": "1aaa65760776477b200513a4708dfe8112d71af684253b4518b287658553a52c"
   }
  },
  "orig_nbformat": 3
 },
 "nbformat": 4,
 "nbformat_minor": 2
}
